Date,WORLD ex USA
1969-12-31,100.0
1970-01-30,97.86321
1970-02-27,96.590188
1970-03-31,96.499555
1970-04-30,86.345725
1970-05-29,79.931465
1970-06-30,80.756497
1970-07-31,83.886301
1970-08-31,85.490663
1970-09-30,88.089161
1970-10-30,85.643921
1970-11-30,82.712206
1970-12-31,85.627573
1971-01-29,89.605052
1971-02-26,90.673581
1971-03-31,95.271985
1971-04-30,97.313266
1971-05-31,98.079281
1971-06-30,99.767115
1971-07-30,102.288767
1971-08-31,100.679055
1971-09-30,100.396395
1971-10-29,96.177636
1971-11-30,97.914583
1971-12-31,112.828802
1972-01-31,121.030676
1972-02-29,128.36235
1972-03-31,129.68435499999998
1972-04-28,134.66162
1972-05-31,143.829081
1972-06-30,138.923332
1972-07-31,147.572241
1972-08-31,149.33803
1972-09-29,142.096085
1972-10-31,141.870754
1972-11-30,153.593688
1972-12-29,156.93017
1973-01-31,164.024227
1973-02-28,180.827768
1973-03-30,184.8382
1973-04-30,172.16737
1973-05-31,175.132457
1973-06-29,177.536582
1973-07-31,177.635312
1973-08-31,167.96705
1973-09-28,171.054398
1973-10-31,174.296056
1973-11-30,145.720731
1973-12-31,139.057765
1974-01-31,145.320991
1974-02-28,151.15249
1974-03-29,147.122906
1974-04-30,149.479216
1974-05-31,141.5106
1974-06-28,134.210349
1974-07-31,130.322685
1974-08-30,116.655845
1974-09-30,109.833209
1974-10-31,109.6342
1974-11-29,113.099524
1974-12-31,111.864725
1975-01-31,130.634941
1975-02-28,146.43138
1975-03-31,144.71225
1975-04-30,150.171356
1975-05-30,149.746875
1975-06-30,144.946654
1975-07-31,139.408563
1975-08-29,138.568848
1975-09-30,131.608171
1975-10-31,140.804081
1975-11-28,144.229764
1975-12-31,146.562218
1976-01-30,154.547238
1976-02-27,154.140943
1976-03-31,151.158627
1976-04-30,150.874576
1976-05-31,147.194917
1976-06-30,148.922741
1976-07-30,146.766036
1976-08-31,146.247799
1976-09-30,143.850571
1976-10-29,135.219183
1976-11-30,134.846995
1976-12-31,149.97628
1977-01-31,148.559313
1977-02-28,151.53446
1977-03-31,151.811362
1977-04-29,155.236325
1977-05-31,154.3295
1977-06-30,157.92411
1977-07-29,155.67861
1977-08-31,161.234047
1977-09-30,165.879073
1977-10-31,168.336211
1977-11-30,167.803872
1977-12-30,174.177165
1978-01-31,175.274372
1978-02-28,176.953893
1978-03-31,189.153511
1978-04-28,187.86333
1978-05-31,192.198483
1978-06-30,199.863614
1978-07-31,216.883542
1978-08-31,221.201332
1978-09-29,227.584114
1978-10-31,238.531345
1978-11-30,218.480636
1978-12-29,228.911964
1979-01-31,230.55865
1979-02-28,230.0056
1979-03-30,236.351532
1979-04-30,235.867088
1979-05-31,232.468332
1979-06-29,237.2324
1979-07-31,238.408444
1979-08-31,246.003501
1979-09-28,257.696112
1979-10-31,236.233655
1979-11-30,241.280712
1979-12-31,250.476536
1980-01-31,265.806039
1980-02-29,268.901559
1980-03-31,235.327019
1980-04-30,256.162367
1980-05-30,269.325996
1980-06-30,286.41681
1980-07-31,286.216762
1980-08-29,295.617282
1980-09-30,306.136777
1980-10-31,316.447671
1980-11-28,311.575352
1980-12-31,309.25153
1981-01-30,303.037514
1981-02-27,298.751794
1981-03-31,310.358949
1981-04-30,316.791514
1981-05-29,305.779604
1981-06-30,305.687757
1981-07-31,293.110178
1981-08-31,299.776735
1981-09-30,268.909966
1981-10-30,271.882149
1981-11-30,301.721683
1981-12-31,297.319522
1982-01-29,292.248996
1982-02-26,272.132521
1982-03-31,258.521141
1982-04-30,273.106595
1982-05-31,269.05547
1982-06-30,247.498788
1982-07-30,246.136434
1982-08-31,249.805158
1982-09-30,248.550452
1982-10-29,252.125059
1982-11-30,270.938032
1982-12-31,293.44267
1983-01-31,292.995164
1983-02-28,299.345015
1983-03-31,310.386919
1983-04-29,329.860068
1983-05-31,329.429289
1983-06-30,336.831364
1983-07-29,337.741926
1983-08-31,333.216122
1983-09-30,343.475277
1983-10-31,339.498904
1983-11-30,350.481754
1983-12-30,363.38913
1984-01-31,375.286729
1984-02-29,380.279874
1984-03-30,410.333136
1984-04-30,403.175846
1984-05-31,365.149615
1984-06-29,363.459228
1984-07-31,339.700264
1984-08-31,370.943219
1984-09-28,367.161436
1984-10-31,373.851071
1984-11-30,368.566812
1984-12-31,374.098521
1985-01-31,384.626896
1985-02-28,380.955646
1985-03-29,409.431652
1985-04-30,408.288105
1985-05-31,424.581744
1985-06-28,433.952019
1985-07-31,454.839142
1985-08-30,467.281491
1985-09-30,489.87754
1985-10-31,518.34615
1985-11-29,541.000188
1985-12-31,564.118344
1986-01-31,577.215017
1986-02-28,636.988
1986-03-31,723.135
1986-04-30,767.676
1986-05-30,735.380586
1986-06-30,781.493337
1986-07-31,825.250902
1986-08-29,905.238087
1986-09-30,897.215588
1986-10-31,840.457522
1986-11-28,887.386734
1986-12-31,932.567856
1987-01-30,1033.24047
1987-02-27,1065.472837
1987-03-31,1155.327959
1987-04-30,1270.277996
1987-05-29,1269.301229
1987-06-30,1232.744329
1987-07-31,1237.66941
1987-08-31,1325.649726
1987-09-30,1305.688889
1987-10-30,1116.041678
1987-11-30,1124.418511
1987-12-31,1158.604618
1988-01-29,1176.533276
1988-02-29,1254.401001
1988-03-31,1330.906831
1988-04-29,1349.696711
1988-05-31,1306.301318
1988-06-30,1276.722893
1988-07-29,1314.037511
1988-08-31,1229.22915
1988-09-30,1281.323267
1988-10-31,1388.33733
1988-11-30,1467.844504
1988-12-30,1476.746771
1989-01-31,1506.107039
1989-02-28,1512.00107
1989-03-31,1484.281651
1989-04-28,1498.723539
1989-05-31,1420.30574
1989-06-30,1399.140152
1989-07-31,1571.567943
1989-08-31,1504.845875
1989-09-29,1569.689648
1989-10-31,1509.52661
1989-11-30,1583.416507
1989-12-29,1641.221488
1990-01-31,1577.870798
1990-02-28,1470.910799
1990-03-30,1324.462309
1990-04-30,1309.459899
1990-05-31,1456.029016
1990-06-29,1443.070676
1990-07-31,1463.973022
1990-08-31,1325.313935
1990-09-28,1146.338337
1990-10-31,1314.029123
1990-11-30,1241.023329
1990-12-31,1262.361651
1991-01-31,1300.892865
1991-02-28,1437.7872
1991-03-29,1354.676469
1991-04-30,1368.124908
1991-05-31,1384.5572
1991-06-28,1286.316424
1991-07-31,1347.281924
1991-08-30,1321.166114
1991-09-30,1390.812579
1991-10-31,1412.494022
1991-11-29,1348.302227
1991-12-31,1414.369992
1992-01-31,1386.5191782
1992-02-28,1338.3028677
1992-03-31,1250.7554719
1992-04-30,1255.3377779999998
1992-05-29,1335.9400123
1992-06-30,1275.3951075999998
1992-07-31,1245.3735106
1992-08-31,1318.1751686
1992-09-30,1288.7935124
1992-10-30,1225.0172126999998
1992-11-30,1233.5170781
1992-12-31,1240.7964574
1993-01-29,1239.957483
1993-02-26,1278.9069800000002
1993-03-31,1387.540857
1993-04-30,1516.191449
1993-05-31,1548.822535
1993-06-30,1525.1631559999998
1993-07-30,1576.641216
1993-08-31,1657.884715
1993-09-30,1619.0134300000002
1993-10-29,1672.977367118277
1993-11-30,1530.8752554738753
1993-12-31,1640.457298232378
1994-01-31,1776.7378642145877
1994-02-28,1768.6554102938019
1994-03-31,1692.5198888517095
1994-04-29,1760.9832203138901
1994-05-31,1751.721244584388
1994-06-30,1771.8808233964699
1994-07-29,1791.3317422392893
1994-08-31,1836.0131148686903
1994-09-30,1782.4049300926617
1994-10-31,1838.4965468005112
1994-11-30,1749.1357088389784
1994-12-30,1760.974542537743
1995-01-31,1691.4598837915494
1995-02-28,1690.2742580963375
1995-03-31,1794.493586956433
1995-04-28,1860.6685959014644
1995-05-31,1841.9935059577563
1995-06-30,1812.0670519778987
1995-07-31,1921.7804841941856
1995-08-31,1851.1943646595118
1995-09-29,1885.6576226776567
1995-10-31,1836.2596376497838
1995-11-30,1888.00086109686
1995-12-29,1961.8599240466274
1996-01-31,1973.3573401748822
1996-02-29,1979.0940647249183
1996-03-29,2020.994431294467
1996-04-30,2080.681406152714
1996-05-31,2045.137859066158
1996-06-28,2054.003342125393
1996-07-31,1993.8601141416955
1996-08-30,2001.420380472658
1996-09-30,2055.6245396593363
1996-10-31,2041.8951033175115
1996-11-29,2126.0774515837584
1996-12-31,2096.583878320777
1997-01-31,2031.240194576151
1997-02-28,2062.021108254309
1997-03-31,2064.0982603965904
1997-04-30,2076.7679833623524
1997-05-30,2213.6998918019813
1997-06-30,2331.910135382996
1997-07-31,2374.751706680695
1997-08-29,2199.845935656543
1997-09-30,2323.3206639868245
1997-10-31,2148.052562650237
1997-11-28,2124.019239710508
1997-12-31,2144.230714203636
1998-01-30,2235.624102773591
1998-02-27,2381.2010951136263
1998-03-31,2459.4034900159486
1998-04-30,2478.5006655562706
1998-05-29,2465.606479739245
1998-06-30,2478.6993377993076
1998-07-31,2494.9002242594884
1998-08-31,2176.272140646533
1998-09-30,2114.111584682013
1998-10-30,2334.221151649556
1998-11-30,2452.479601613246
1998-12-31,2546.5752544976826
1999-01-29,2547.0619815819655
1999-02-26,2482.979482621769
1999-03-31,2586.5640158510405
1999-04-30,2697.4757527551014
1999-05-31,2561.2119430293233
1999-06-30,2661.339764878643
1999-07-30,2737.946394131185
1999-08-31,2745.7283553412544
1999-09-30,2775.3736800440274
1999-10-29,2882.602247268505
1999-11-30,2983.405336317473
1999-12-31,3257.724568069143
2000-01-31,3059.78732091414
2000-02-29,3146.527572890209
2000-03-31,3275.669454650244
2000-04-28,3105.759480500216
2000-05-31,3030.5046919517968
2000-06-30,3161.4862669363206
2000-07-31,3040.6348032587666
2000-08-31,3080.3476325139923
2000-09-29,2920.7629749255016
2000-10-31,2841.150625871871
2000-11-30,2726.673421122686
2000-12-29,2822.1352999983583
2001-01-01,2822.1352999983583
2001-01-02,2808.1328513072904
2001-01-03,2787.2689000623923
2001-01-04,2819.613749322244
2001-01-05,2823.9757360409726
2001-01-08,2809.6186640251194
2001-01-09,2762.7054513854146
2001-01-10,2745.417416767531
2001-01-11,2767.748163119069
2001-01-12,2778.06272149877
2001-01-15,2771.805515730603
2001-01-16,2758.141940442883
2001-01-17,2788.350322758788
2001-01-18,2816.0966908706387
2001-01-19,2806.5579561687096
2001-01-22,2809.67806129268
2001-01-23,2812.866468448383
2001-01-24,2791.412305717335
2001-01-25,2795.6027269169495
2001-01-26,2792.1134531846274
2001-01-29,2795.585141449193
2001-01-30,2806.8500485569916
2001-01-31,2827.3295425991832
2001-02-01,2834.7538899238302
2001-02-02,2800.372715507085
2001-02-05,2800.197567932395
2001-02-06,2791.0746819915735
2001-02-07,2765.0317611867217
2001-02-08,2731.5919614923046
2001-02-09,2714.5998756875615
2001-02-12,2740.5131448158986
2001-02-13,2724.304240677226
2001-02-14,2698.0679457994506
2001-02-15,2696.6150432578174
2001-02-16,2667.688532225768
2001-02-19,2664.112163928389
2001-02-20,2632.618645147674
2001-02-21,2611.999420667011
2001-02-22,2600.6203084988683
2001-02-23,2578.6608325878537
2001-02-26,2598.4531471720775
2001-02-27,2614.6122516109453
2001-02-28,2603.414496599425
2001-03-01,2597.988603843681
2001-03-02,2584.5837721446446
2001-03-05,2594.5186555967734
2001-03-06,2634.4539105364165
2001-03-07,2631.6642570175404
2001-03-08,2629.503529545509
2001-03-09,2607.23619320394
2001-03-12,2537.962541572292
2001-03-13,2483.787163562166
2001-03-14,2438.7489336586236
2001-03-15,2466.5637995226243
2001-03-16,2404.061654840507
2001-03-19,2401.143941430593
2001-03-20,2429.5622974915527
2001-03-21,2417.6355649655693
2001-03-22,2313.223931966093
2001-03-23,2380.4077469706835
2001-03-26,2460.9773835910983
2001-03-27,2497.701594853895
2001-03-28,2464.5826406668193
2001-03-29,2426.1917404597366
2001-03-30,2426.89113763656
2001-04-02,2408.514488425734
2001-04-03,2376.7656301569045
2001-04-04,2416.495427858248
2001-04-05,2454.345030044167
2001-04-06,2459.2132385106597
2001-04-09,2461.02924533458
2001-04-10,2476.792098546282
2001-04-11,2485.5058003336703
2001-04-12,2511.8858321849234
2001-04-13,2509.479922724407
2001-04-16,2488.007828096879
2001-04-17,2476.3579561254314
2001-04-18,2531.0120467720153
2001-04-19,2570.713542972858
2001-04-20,2571.942461465801
2001-04-23,2550.3983239504964
2001-04-24,2546.1478249723214
2001-04-25,2554.475829834395
2001-04-26,2579.3216407168297
2001-04-27,2586.8010963680445
2001-04-30,2595.7354377842967
2001-05-01,2626.842170580449
2001-05-02,2627.931522582545
2001-05-03,2601.9377783007612
2001-05-04,2614.956896548241
2001-05-07,2623.1904767716587
2001-05-08,2596.9029441440985
2001-05-09,2577.1046308474674
2001-05-10,2601.8274032826694
2001-05-11,2580.709248246755
2001-05-14,2535.790993089652
2001-05-15,2567.449864350493
2001-05-16,2570.175687427133
2001-05-17,2596.4744779832445
2001-05-18,2593.9055577401837
2001-05-21,2612.841653503219
2001-05-22,2610.034187380736
2001-05-23,2593.5252241874027
2001-05-24,2585.976499507999
2001-05-25,2569.5915470068976
2001-05-28,2570.6308912372388
2001-05-29,2557.651933955414
2001-05-30,2525.077317394195
2001-05-31,2510.290942902755
2001-06-01,2506.501187525904
2001-06-04,2515.069137216629
2001-06-05,2528.9382386065213
2001-06-06,2514.727551769245
2001-06-07,2521.4202383168736
2001-06-08,2513.994835714107
2001-06-11,2476.580011088071
2001-06-12,2440.8604108275586
2001-06-13,2457.909875709725
2001-06-14,2450.329723966455
2001-06-15,2433.954315458749
2001-06-18,2410.698598148602
2001-06-19,2407.181965551356
2001-06-20,2389.8176107676327
2001-06-21,2401.795538628449
2001-06-22,2415.034804463621
2001-06-25,2420.483042814529
2001-06-26,2397.4677819909425
2001-06-27,2389.2526124762694
2001-06-28,2382.7763566043536
2001-06-29,2407.9176191945508
2001-07-02,2427.3938711176847
2001-07-03,2411.682765615041
2001-07-04,2394.3359975862472
2001-07-05,2358.8318427540103
2001-07-06,2322.1816373173024
2001-07-09,2326.241338800608
2001-07-10,2333.2651776607067
2001-07-11,2316.532145009814
2001-07-12,2333.8862334620494
2001-07-13,2337.4730443440008
2001-07-16,2332.2044394116724
2001-07-17,2305.8120230228983
2001-07-18,2311.9921405652312
2001-07-19,2334.848331955181
2001-07-20,2328.214244283605
2001-07-23,2307.7053171998764
2001-07-24,2302.5284655616674
2001-07-25,2296.3245658848814
2001-07-26,2303.1661833939015
2001-07-27,2325.308616710653
2001-07-30,2334.0953764852984
2001-07-31,2365.632588486113
2001-08-01,2385.109614552377
2001-08-02,2407.838681892383
2001-08-03,2392.3653703177683
2001-08-06,2382.4987900582128
2001-08-07,2382.780593943752
2001-08-08,2359.4100787640373
2001-08-09,2335.175918881562
2001-08-10,2336.8605032276564
2001-08-13,2340.891935839636
2001-08-14,2375.055554170402
2001-08-15,2395.247372750645
2001-08-16,2370.955736875317
2001-08-17,2349.1418383701107
2001-08-20,2334.226963709615
2001-08-21,2355.9857300043313
2001-08-22,2371.774950477735
2001-08-23,2355.2483224781854
2001-08-24,2379.4038913484624
2001-08-27,2380.5679406827617
2001-08-28,2356.5079636639216
2001-08-29,2347.045769021743
2001-08-30,2304.3321316081788
2001-08-31,2302.4587062912724
2001-09-03,2270.2899235347604
2001-09-04,2279.341980157291
2001-09-05,2242.6316754339887
2001-09-06,2209.6407163384665
2001-09-07,2189.482069540133
2001-09-10,2154.290027634255
2001-09-11,2085.2385445404916
2001-09-12,2064.639260965482
2001-09-13,2089.888026730628
2001-09-14,2051.1582020525584
2001-09-17,2055.4303862880597
2001-09-18,2048.3603299491997
2001-09-19,2039.9099536697693
2001-09-20,1976.6469251773888
2001-09-21,1908.338718493095
2001-09-24,1973.2067052316738
2001-09-25,2006.7625464850967
2001-09-26,2014.1414102159354
2001-09-27,2027.2797355785551
2001-09-28,2070.0838138778563
2001-10-01,2054.378055707665
2001-10-02,2075.8871421588356
2001-10-03,2079.3060387801615
2001-10-04,2128.8971878774237
2001-10-05,2131.5694477300203
2001-10-08,2130.6088251286164
2001-10-09,2114.467659937103
2001-10-10,2132.856348151586
2001-10-11,2152.242417616766
2001-10-12,2160.279747086279
2001-10-15,2128.9462160551125
2001-10-16,2146.6405787143885
2001-10-17,2179.470146040678
2001-10-18,2138.531582371977
2001-10-19,2108.2547163936915
2001-10-22,2119.1755645397757
2001-10-23,2156.6394001198414
2001-10-24,2167.3738729854495
2001-10-25,2151.1633985484546
2001-10-26,2174.042554404234
2001-10-29,2152.0727921759462
2001-10-30,2117.372753274551
2001-10-31,2120.787751886792
2001-11-01,2143.1348988354553
2001-11-02,2145.1279279016903
2001-11-05,2171.024232508332
2001-11-06,2180.8177192224493
2001-11-07,2183.157764357698
2001-11-08,2207.1589211230403
2001-11-09,2191.098283373969
2001-11-12,2156.1718785560556
2001-11-13,2174.480224401958
2001-11-14,2179.2688592904196
2001-11-15,2188.995566085029
2001-11-16,2207.262018547545
2001-11-19,2222.4287949330987
2001-11-20,2209.482456687718
2001-11-21,2195.9330815073063
2001-11-22,2211.5574271078185
2001-11-23,2199.0662643877745
2001-11-26,2212.8360951442423
2001-11-27,2199.286665620141
2001-11-28,2177.1021828944513
2001-11-29,2177.6735257622827
2001-11-30,2204.1447293222536
2001-12-03,2174.816097020855
2001-12-04,2195.7232817187255
2001-12-05,2248.643570789818
2001-12-06,2262.4365227751637
2001-12-07,2239.155179818954
2001-12-10,2198.9204991814036
2001-12-11,2195.962539603484
2001-12-12,2204.2907533025436
2001-12-13,2167.857567543829
2001-12-14,2158.128217838917
2001-12-17,2188.394198578806
2001-12-18,2188.5380791700686
2001-12-19,2170.78813886476
2001-12-20,2161.9394322687845
2001-12-21,2166.1589987233683
2001-12-24,2156.0436071616386
2001-12-25,2154.457201168357
2001-12-26,2153.587335256684
2001-12-27,2194.7008076332263
2001-12-28,2206.8790045687674
2001-12-31,2218.2791837154955
2002-01-01,2218.2791837154955
2002-01-02,2216.814195263018
2002-01-03,2242.8695557885867
2002-01-04,2253.0442420522413
2002-01-07,2237.3844652422786
2002-01-08,2208.208991534938
2002-01-09,2201.6689335685464
2002-01-10,2185.228358718642
2002-01-11,2187.369225542141
2002-01-14,2160.300948389996
2002-01-15,2159.783391294787
2002-01-16,2131.0877886462818
2002-01-17,2141.5099223460725
2002-01-18,2145.483059050082
2002-01-21,2137.8428449716716
2002-01-22,2124.6829239382655
2002-01-23,2132.339504152759
2002-01-24,2147.3038696311683
2002-01-25,2123.811255669622
2002-01-28,2136.3881339813174
2002-01-29,2108.5908993419116
2002-01-30,2083.617982683765
2002-01-31,2105.447748311101
2002-02-01,2101.4017156633863
2002-02-04,2089.479815522807
2002-02-05,2057.5876929976384
2002-02-06,2041.8498309842098
2002-02-07,2061.957802857205
2002-02-08,2069.9843962533782
2002-02-11,2097.3876337404586
2002-02-12,2103.13641361904
2002-02-13,2111.2582019019355
2002-02-14,2127.885560069333
2002-02-15,2118.4652126441592
2002-02-18,2106.599007768602
2002-02-19,2070.578894440001
2002-02-20,2054.815576935789
2002-02-21,2078.5187623411452
2002-02-22,2074.8982202401335
2002-02-25,2085.4947913309593
2002-02-26,2089.23264078426
2002-02-27,2114.086217407255
2002-02-28,2118.2844563082263
2002-03-01,2143.4610726171113
2002-03-04,2210.7198579404962
2002-03-05,2202.854484560634
2002-03-06,2220.609650685279
2002-03-07,2263.8275289846447
2002-03-08,2264.5375901281177
2002-03-11,2263.594654281687
2002-03-12,2229.8652031553306
2002-03-13,2222.096893050031
2002-03-14,2241.731995647171
2002-03-15,2260.5039483572095
2002-03-18,2255.1793121214187
2002-03-19,2272.623973241659
2002-03-20,2255.280875453004
2002-03-21,2243.953281125724
2002-03-22,2235.56807157809
2002-03-25,2215.8538619285973
2002-03-26,2216.4314887175933
2002-03-27,2219.022609036097
2002-03-28,2240.651132299718
2002-03-29,2230.88406833669
2002-04-01,2240.4677317855035
2002-04-02,2239.631563849196
2002-04-03,2243.2838882847554
2002-04-04,2234.2795066095096
2002-04-05,2230.05078574174
2002-04-08,2201.3509292017
2002-04-09,2199.020786297128
2002-04-10,2221.4540649560595
2002-04-11,2197.6108089820214
2002-04-12,2192.790998718347
2002-04-15,2212.4078833037597
2002-04-16,2248.887100707459
2002-04-17,2267.977952145118
2002-04-18,2266.593375821274
2002-04-19,2264.2506067745508
2002-04-22,2259.3461579954405
2002-04-23,2254.5461922786376
2002-04-24,2252.324949565187
2002-04-25,2252.403580426363
2002-04-26,2241.3646176274856
2002-04-29,2238.209501353409
2002-04-30,2244.0577482926406
2002-05-01,2254.430073110505
2002-05-02,2247.8043414140925
2002-05-03,2257.2994709451245
2002-05-06,2252.9510444123316
2002-05-07,2223.4325909225518
2002-05-08,2254.2887537195957
2002-05-09,2251.809131414656
2002-05-10,2242.7401943545
2002-05-13,2249.724290373207
2002-05-14,2249.3489922880676
2002-05-15,2279.353086804243
2002-05-16,2284.293637130277
2002-05-17,2305.93720543113
2002-05-20,2300.9406616483093
2002-05-21,2295.856419995788
2002-05-22,2294.0704399031865
2002-05-23,2286.6505525144053
2002-05-24,2292.1377943353955
2002-05-27,2285.8076954577964
2002-05-28,2286.5151103948847
2002-05-29,2283.6259690741
2002-05-30,2273.428737703551
2002-05-31,2273.4634351052587
2002-06-03,2273.3087687574907
2002-06-04,2245.451763521582
2002-06-05,2222.6875392476286
2002-06-06,2226.170577907082
2002-06-07,2202.482233418353
2002-06-10,2200.5660415316765
2002-06-11,2209.4898040587987
2002-06-12,2179.5662962837578
2002-06-13,2153.521360335472
2002-06-14,2110.3724703396024
2002-06-17,2139.6769545854563
2002-06-18,2146.1809820494013
2002-06-19,2120.6089149673353
2002-06-20,2110.0210288901944
2002-06-21,2108.935489688032
2002-06-24,2089.7553884288855
2002-06-25,2112.2954967201636
2002-06-26,2100.8063181286343
2002-06-27,2115.0517169284126
2002-06-28,2180.9872155616576
2002-07-01,2184.5362170620306
2002-07-02,2135.928262307564
2002-07-03,2096.2797141521314
2002-07-04,2117.3364602402776
2002-07-05,2170.144783505923
2002-07-08,2187.071897818273
2002-07-09,2189.441304678703
2002-07-10,2127.3128651209568
2002-07-11,2068.734292841715
2002-07-12,2072.0491028478996
2002-07-15,2014.7308668043884
2002-07-16,2011.081115846907
2002-07-17,2047.9298539914205
2002-07-18,2077.0620041508573
2002-07-19,2011.0221151521052
2002-07-22,1930.8876791616465
2002-07-23,1884.3829232657515
2002-07-24,1863.3200835713142
2002-07-25,1910.3125819225652
2002-07-26,1887.9246432225498
2002-07-29,1949.6081690344586
2002-07-30,1968.0187636665619
2002-07-31,1964.1715028869946
2002-08-01,1910.0019911200031
2002-08-02,1909.8371913895307
2002-08-05,1869.4119090489578
2002-08-06,1876.7360562169454
2002-08-07,1888.5011501401007
2002-08-08,1932.974013162825
2002-08-09,1967.6569952573902
2002-08-12,1940.680951560412
2002-08-13,1952.0077516537851
2002-08-14,1941.6020654963347
2002-08-15,1975.0830045174378
2002-08-16,1986.3055041333973
2002-08-19,2003.1591262762743
2002-08-20,1982.4233692558446
2002-08-21,2004.633477656282
2002-08-22,2024.849454611184
2002-08-23,2006.9072099399525
2002-08-26,2005.5117540672038
2002-08-27,2035.5638089821746
2002-08-28,1978.901461750876
2002-08-29,1953.9326656428545
2002-08-30,1961.1232522162586
2002-09-02,1939.9908182136792
2002-09-03,1892.0105051172327
2002-09-04,1882.8902836231296
2002-09-05,1879.9718079564357
2002-09-06,1904.1742997074666
2002-09-09,1890.3041393855422
2002-09-10,1912.0974950722969
2002-09-11,1935.2793106370837
2002-09-12,1896.3796165298586
2002-09-13,1865.7390501262812
2002-09-16,1851.33895168412
2002-09-17,1846.271840801879
2002-09-18,1810.4938506063665
2002-09-19,1802.4299622226167
2002-09-20,1789.8719527331177
2002-09-23,1746.4469847953314
2002-09-24,1720.9512142450264
2002-09-25,1732.393403230224
2002-09-26,1788.7626697296137
2002-09-27,1795.541085788531
2002-09-30,1753.1302974113628
2002-10-01,1756.1781849944555
2002-10-02,1781.4182372432426
2002-10-03,1762.952030475275
2002-10-04,1735.228377644336
2002-10-07,1701.7581933387082
2002-10-08,1680.8387648618834
2002-10-09,1672.832496370202
2002-10-10,1693.1678214899493
2002-10-11,1756.3738749449817
2002-10-14,1747.1585143548432
2002-10-15,1826.7803676286146
2002-10-16,1810.4316624913263
2002-10-17,1841.3125169733673
2002-10-18,1838.535557046556
2002-10-21,1841.8928714948447
2002-10-22,1821.575512113516
2002-10-23,1790.2722805716678
2002-10-24,1815.487449407466
2002-10-25,1819.415370071911
2002-10-28,1842.5825390845691
2002-10-29,1792.2274113532458
2002-10-30,1821.7549959550722
2002-10-31,1845.220791895451
2002-11-01,1840.4817023593453
2002-11-04,1884.825513626469
2002-11-05,1905.3830670533437
2002-11-06,1889.0801546562989
2002-11-07,1878.4651884205502
2002-11-08,1864.6210250942015
2002-11-11,1841.4612595506685
2002-11-12,1857.5162352043624
2002-11-13,1842.1037381566377
2002-11-14,1856.3970720572368
2002-11-15,1877.5014259336474
2002-11-18,1882.9583004943902
2002-11-19,1876.309208270316
2002-11-20,1868.5193828834867
2002-11-21,1914.2323454211212
2002-11-22,1919.775460626507
2002-11-25,1909.1666395569928
2002-11-26,1881.3653269122156
2002-11-27,1907.0311727885482
2002-11-28,1934.1164177467738
2002-11-29,1930.1721576441296
2002-12-02,1925.621462425399
2002-12-03,1900.7297733964133
2002-12-04,1887.4933349522978
2002-12-05,1867.7496836428083
2002-12-06,1873.2906020952232
2002-12-09,1843.6115168561232
2002-12-10,1849.4608666523911
2002-12-11,1859.87466473449
2002-12-12,1852.6097142870224
2002-12-13,1843.1560509395615
2002-12-16,1870.5144550887828
2002-12-17,1867.0526959500185
2002-12-18,1830.2866370785148
2002-12-19,1829.2306373681718
2002-12-20,1842.760035237941
2002-12-23,1849.263813619688
2002-12-24,1858.0267618745038
2002-12-25,1856.8161919706506
2002-12-26,1864.8700223625408
2002-12-27,1835.36025706679
2002-12-30,1854.538982222232
2002-12-31,1867.7907607389714
2003-01-01,1867.7907607389714
2003-01-02,1890.6834275006013
2003-01-03,1905.3038059381543
2003-01-06,1931.8250819562309
2003-01-07,1908.1172271170988
2003-01-08,1877.1879201162162
2003-01-09,1898.0156801893759
2003-01-10,1909.0176527668846
2003-01-13,1913.6890369155421
2003-01-14,1929.71968705794
2003-01-15,1915.9291638366506
2003-01-16,1913.702874395267
2003-01-17,1894.8960368073763
2003-01-20,1873.4980318277917
2003-01-21,1863.3991773736332
2003-01-22,1840.0578872415379
2003-01-23,1847.0882865116678
2003-01-24,1837.8415142562471
2003-01-27,1786.4618304492624
2003-01-28,1783.950422496912
2003-01-29,1787.1063569724004
2003-01-30,1800.5831152332496
2003-01-31,1796.6239562383707
2003-02-03,1822.6692263625691
2003-02-04,1802.3284819820738
2003-02-05,1819.1227774310541
2003-02-06,1788.862303478965
2003-02-07,1775.0350944649833
2003-02-10,1760.9088139718986
2003-02-11,1780.3982005292403
2003-02-12,1767.4790734206513
2003-02-13,1769.578570657729
2003-02-14,1785.7903833255175
2003-02-17,1806.6670128316916
2003-02-18,1814.3006105860838
2003-02-19,1793.737788499285
2003-02-20,1793.8601578899434
2003-02-21,1798.15669762854
2003-02-24,1784.4364146007547
2003-02-25,1739.2684611417135
2003-02-26,1737.3626330673205
2003-02-27,1739.663499139395
2003-02-28,1761.2081009860199
2003-03-03,1777.5315199470283
2003-03-04,1757.2956336535508
2003-03-05,1752.6328661372388
2003-03-06,1737.6702000046203
2003-03-07,1713.741926749118
2003-03-10,1682.4892141083178
2003-03-11,1673.1779886815175
2003-03-12,1636.5886293353726
2003-03-13,1677.291636607636
2003-03-14,1716.5838777683798
2003-03-17,1743.1509424649694
2003-03-18,1747.0041506464847
2003-03-19,1760.4174266683724
2003-03-20,1765.5746766461968
2003-03-21,1792.5124495332802
2003-03-24,1765.5838277456546
2003-03-25,1774.9568877533723
2003-03-26,1781.5305865542691
2003-03-27,1766.9187266242122
2003-03-28,1761.6913861153578
2003-03-31,1727.2655085996175
2003-04-01,1742.2889284549674
2003-04-02,1770.9850386287194
2003-04-03,1774.2139578557794
2003-04-04,1785.2435905691405
2003-04-07,1824.8362478920749
2003-04-08,1807.3699636603387
2003-04-09,1804.3508215622105
2003-04-10,1796.3474142324915
2003-04-11,1791.0491667110643
2003-04-14,1803.7471815871515
2003-04-15,1832.135445376934
2003-04-16,1827.1216278365907
2003-04-17,1843.9073198505412
2003-04-18,1844.4992768848933
2003-04-21,1836.879248827797
2003-04-22,1855.7071879375226
2003-04-23,1871.095321514612
2003-04-24,1862.7073412131128
2003-04-25,1839.2007141043837
2003-04-28,1862.0275788822878
2003-04-29,1862.3955382061547
2003-04-30,1893.0283408282437
2003-05-01,1902.7691926698176
2003-05-02,1906.885988175281
2003-05-05,1925.7893454332973
2003-05-06,1962.5274922411306
2003-05-07,1953.0296838021343
2003-05-08,1929.3244605918212
2003-05-09,1946.8325415884763
2003-05-12,1961.2204766113687
2003-05-13,1961.685341672002
2003-05-14,1966.6900159833508
2003-05-15,1973.9678966732235
2003-05-16,1987.883345111646
2003-05-19,1955.5377587160654
2003-05-20,1958.5400524664087
2003-05-21,1948.651381974639
2003-05-22,1968.1502287895194
2003-05-23,1978.3920529894299
2003-05-26,1983.0868040010712
2003-05-27,1986.725984195236
2003-05-28,1999.1457508412457
2003-05-29,2019.9623018590041
2003-05-30,2010.4371949580702
2003-06-02,2045.1279121084337
2003-06-03,2034.1815764227608
2003-06-04,2049.1246764808734
2003-06-05,2070.318909904139
2003-06-06,2085.995013569679
2003-06-09,2078.3736749785553
2003-06-10,2074.8121623025313
2003-06-11,2109.489495739214
2003-06-12,2119.106614274149
2003-06-13,2109.582754232948
2003-06-16,2134.926293138692
2003-06-17,2154.15034333131
2003-06-18,2149.2070702996243
2003-06-19,2124.4334656036735
2003-06-20,2127.493021252206
2003-06-23,2095.018498264468
2003-06-24,2073.7660311538752
2003-06-25,2087.838357354458
2003-06-26,2065.1523332944803
2003-06-27,2071.6122939698635
2003-06-30,2059.275871884516
2003-07-01,2057.369514604634
2003-07-02,2091.2454722329317
2003-07-03,2110.8274912388306
2003-07-04,2098.7942119474296
2003-07-07,2124.356992032754
2003-07-08,2118.018207139293
2003-07-09,2111.9893414064013
2003-07-10,2096.7435134826537
2003-07-11,2094.8219898810653
2003-07-14,2121.308839468395
2003-07-15,2102.7765226113224
2003-07-16,2088.1181686124532
2003-07-17,2058.3278508107205
2003-07-18,2063.673643561751
2003-07-21,2065.9363178502244
2003-07-22,2072.136979787292
2003-07-23,2090.5056778474595
2003-07-24,2122.5373705057405
2003-07-25,2122.0771184661157
2003-07-28,2137.869785585516
2003-07-29,2131.023324220598
2003-07-30,2109.2895958678505
2003-07-31,2106.5198627374507
2003-08-01,2096.9759764482337
2003-08-04,2090.2532643786044
2003-08-05,2096.694964062142
2003-08-06,2076.6884414475
2003-08-07,2086.767390003952
2003-08-08,2093.289773237329
2003-08-11,2108.8662060525244
2003-08-12,2117.3061015675066
2003-08-13,2129.8674164213176
2003-08-14,2150.8698086563004
2003-08-15,2152.5271119586705
2003-08-18,2159.784763274442
2003-08-19,2160.053279947182
2003-08-20,2170.567282745298
2003-08-21,2169.637792829674
2003-08-22,2160.6997603406317
2003-08-25,2152.626032267259
2003-08-26,2136.9169662278027
2003-08-27,2146.8631939947413
2003-08-28,2152.82290486584
2003-08-29,2160.838013372705
2003-09-01,2190.595062758608
2003-09-02,2184.494395354433
2003-09-03,2208.2235267642595
2003-09-04,2211.629251931621
2003-09-05,2221.3786042487764
2003-09-08,2239.568586034459
2003-09-09,2243.4150361130546
2003-09-10,2226.231916459549
2003-09-11,2217.895641994186
2003-09-12,2232.15098954188
2003-09-15,2236.496494665792
2003-09-16,2252.325790153188
2003-09-17,2270.0841813571847
2003-09-18,2290.771520640362
2003-09-19,2291.7301132383213
2003-09-22,2275.809285955147
2003-09-23,2274.003129273191
2003-09-24,2274.9623752355246
2003-09-25,2257.167108029369
2003-09-26,2238.057297905761
2003-09-29,2235.888141367437
2003-09-30,2225.6660105308947
2003-10-01,2267.55128199003
2003-10-02,2289.195776294919
2003-10-03,2322.334511558429
2003-10-06,2324.408369284353
2003-10-07,2336.9276975482917
2003-10-08,2328.724561330735
2003-10-09,2351.1760396718214
2003-10-10,2366.3362028465062
2003-10-13,2375.1884655280505
2003-10-14,2378.6712573656146
2003-10-15,2382.02472195062
2003-10-16,2393.0937410798474
2003-10-17,2381.3196870942584
2003-10-20,2386.6275144313986
2003-10-21,2392.9280078209295
2003-10-22,2374.2784935641002
2003-10-23,2327.913485133569
2003-10-24,2335.0529751000154
2003-10-27,2350.2431768312595
2003-10-28,2363.078961510283
2003-10-29,2378.3402687458097
2003-10-30,2386.0378230178803
2003-10-31,2365.039016066741
2003-11-03,2364.116687332532
2003-11-04,2382.93575855787
2003-11-05,2368.9358582223467
2003-11-06,2353.2325080350624
2003-11-07,2383.4299866208326
2003-11-10,2376.1568768288707
2003-11-11,2353.186877547316
2003-11-12,2374.098141011956
2003-11-13,2398.687578327609
2003-11-14,2406.4333303103635
2003-11-17,2357.931746014687
2003-11-18,2377.154138321092
2003-11-19,2358.1623014119727
2003-11-20,2364.9166374680653
2003-11-21,2370.478916745664
2003-11-24,2376.7439851222284
2003-11-25,2386.043318775537
2003-11-26,2410.550827335401
2003-11-27,2416.0546063666147
2003-11-28,2418.6478264884854
2003-12-01,2453.154304642583
2003-12-02,2468.0631903912654
2003-12-03,2481.189937604718
2003-12-04,2476.6892152197283
2003-12-05,2475.839215088133
2003-12-08,2469.75628500096
2003-12-09,2478.835073329297
2003-12-10,2457.272835864897
2003-12-11,2458.0482375073184
2003-12-12,2481.909802804615
2003-12-15,2502.759454920891
2003-12-16,2489.439554894704
2003-12-17,2491.3148005841754
2003-12-18,2505.305558630598
2003-12-19,2514.0869639037605
2003-12-22,2524.3835337535
2003-12-23,2534.3116725518803
2003-12-24,2544.333509431446
2003-12-25,2544.727668402633
2003-12-26,2548.5835179403834
2003-12-29,2564.807235834713
2003-12-30,2587.7210982873444
2003-12-31,2604.1098879063907
2004-01-01,2604.1098879063907
2004-01-02,2622.9915182499685
2004-01-05,2661.1829797921255
2004-01-06,2671.334204716932
2004-01-07,2652.1931166262325
2004-01-08,2676.8729794252886
2004-01-09,2690.3845162720127
2004-01-12,2681.7003632265555
2004-01-13,2680.8831880918833
2004-01-14,2682.935317006031
2004-01-15,2662.383661764582
2004-01-16,2655.493232684416
2004-01-19,2661.892578251767
2004-01-20,2688.4124132576453
2004-01-21,2705.035217914662
2004-01-22,2722.3624256393305
2004-01-23,2718.4479185906794
2004-01-26,2690.72392401447
2004-01-27,2700.5783063194253
2004-01-28,2698.7713904028215
2004-01-29,2641.560380693946
2004-01-30,2640.369228407617
2004-02-02,2648.4987068108585
2004-02-03,2659.1561119094276
2004-02-04,2634.1201141955485
2004-02-05,2646.478468159146
2004-02-06,2677.576436991697
2004-02-09,2696.4313604120553
2004-02-10,2700.8930102400896
2004-02-11,2702.7840872999827
2004-02-12,2729.0924732905887
2004-02-13,2726.389931740572
2004-02-16,2732.365929455705
2004-02-17,2760.055317674126
2004-02-18,2756.8312385788186
2004-02-19,2754.5610215507263
2004-02-20,2715.344088267994
2004-02-23,2722.695379256354
2004-02-24,2712.414414092787
2004-02-25,2698.367664598442
2004-02-26,2685.7385845046133
2004-02-27,2701.096116466438
2004-03-01,2740.373004244169
2004-03-02,2724.904053104193
2004-03-03,2689.9769696123176
2004-03-04,2706.304545741975
2004-03-05,2745.0287896176037
2004-03-08,2735.7341648696047
2004-03-09,2730.6468631075822
2004-03-10,2688.824989565524
2004-03-11,2636.7096680130267
2004-03-12,2624.392681055291
2004-03-15,2604.428686887691
2004-03-16,2639.9917209132386
2004-03-17,2660.3464936537084
2004-03-18,2672.125055641412
2004-03-19,2669.9970366110515
2004-03-22,2634.709682032678
2004-03-23,2630.7575076219
2004-03-24,2623.1606677477594
2004-03-25,2650.247681191146
2004-03-26,2657.527548460698
2004-03-29,2687.794023266708
2004-03-30,2693.2828187930595
2004-03-31,2714.618470357433
2004-04-01,2748.985838525782
2004-04-02,2749.4904967569696
2004-04-05,2745.2354227090964
2004-04-06,2745.9794362248585
2004-04-07,2763.395856203377
2004-04-08,2758.781833588589
2004-04-09,2749.805517646439
2004-04-12,2755.3036318604295
2004-04-13,2738.9217442522327
2004-04-14,2696.5713368144616
2004-04-15,2684.738876292267
2004-04-16,2714.6330469009204
2004-04-19,2711.397790246965
2004-04-20,2716.737821953583
2004-04-21,2684.3990184187546
2004-04-22,2692.6338986642013
2004-04-23,2702.745171533067
2004-04-26,2716.365288134626
2004-04-27,2712.032411417802
2004-04-28,2669.9501017827524
2004-04-29,2664.830998267119
2004-04-30,2643.5596620413003
2004-05-03,2648.846358248165
2004-05-04,2685.0611737380254
2004-05-05,2706.252016578193
2004-05-06,2659.190860912754
2004-05-07,2610.052171540478
2004-05-10,2512.546573828797
2004-05-11,2527.6356948373327
2004-05-12,2543.627002294173
2004-05-13,2530.66788956886
2004-05-14,2521.434168427046
2004-05-17,2499.485459699829
2004-05-18,2516.994404395363
2004-05-19,2583.3047517539126
2004-05-20,2550.0216871082807
2004-05-21,2580.9592823737557
2004-05-24,2585.016377046202
2004-05-25,2592.533082748231
2004-05-26,2616.0676722717535
2004-05-27,2660.1283256453244
2004-05-28,2651.425533087922
2004-05-31,2655.9175029131475
2004-06-01,2648.86227229291
2004-06-02,2657.994211487563
2004-06-03,2643.5835131990566
2004-06-04,2658.5268034160704
2004-06-07,2710.1109700511133
2004-06-08,2711.856798011477
2004-06-09,2681.521200963059
2004-06-10,2689.5424945300283
2004-06-11,2670.3997782976944
2004-06-14,2647.7087219648965
2004-06-15,2661.39698003594
2004-06-16,2679.5711113353195
2004-06-17,2688.517742543534
2004-06-18,2700.0898112544833
2004-06-21,2705.0658708575484
2004-06-22,2683.152675989262
2004-06-23,2690.3394984296774
2004-06-24,2729.8267433894366
2004-06-25,2720.328239503809
2004-06-28,2745.4968010909597
2004-06-29,2722.449137520421
2004-06-30,2717.2513723277784
2004-07-01,2718.140616278978
2004-07-02,2718.527905890431
2004-07-05,2701.63457764093
2004-07-06,2691.487442053806
2004-07-07,2703.887786109511
2004-07-08,2709.2693513692657
2004-07-09,2715.277017344018
2004-07-12,2718.000759884526
2004-07-13,2705.4542425597074
2004-07-14,2703.3111929579118
2004-07-15,2679.5420892201164
2004-07-16,2700.7101144873654
2004-07-19,2693.5841884314004
2004-07-20,2681.988799643588
2004-07-21,2673.3042249475297
2004-07-22,2649.9736807902905
2004-07-23,2619.5179530111486
2004-07-26,2605.276613644948
2004-07-27,2595.303200236386
2004-07-28,2601.756507354122
2004-07-29,2623.028274114104
2004-07-30,2634.3867204733842
2004-08-02,2634.4605480181667
2004-08-03,2643.8975744417708
2004-08-04,2618.7925874814273
2004-08-05,2618.0672827349595
2004-08-06,2612.523130454212
2004-08-09,2591.5774135659904
2004-08-10,2609.7784388694267
2004-08-11,2588.0149741358587
2004-08-12,2583.544718807901
2004-08-13,2588.3972503442637
2004-08-16,2598.9387263355147
2004-08-17,2605.2251452995815
2004-08-18,2606.545215279102
2004-08-19,2632.9394340463805
2004-08-20,2626.8420452856203
2004-08-23,2633.01763011277
2004-08-24,2619.6117500023083
2004-08-25,2626.1998027416494
2004-08-26,2641.555205878203
2004-08-27,2652.113672552155
2004-08-30,2645.8564959175396
2004-08-31,2645.340545595215
2004-09-01,2666.4432427673796
2004-09-02,2671.882733466958
2004-09-03,2655.920207070015
2004-09-06,2677.5389138152286
2004-09-07,2684.59866967397
2004-09-08,2690.4574937734587
2004-09-09,2676.667181524629
2004-09-10,2702.1818166695703
2004-09-13,2714.0527847460453
2004-09-14,2720.7212098183372
2004-09-15,2685.2636013006922
2004-09-16,2693.6348430859307
2004-09-17,2701.3568111563945
2004-09-20,2695.549330461283
2004-09-21,2722.2788226691177
2004-09-22,2706.94692187121
2004-09-23,2705.220780395554
2004-09-24,2696.4964417823153
2004-09-27,2683.810839719119
2004-09-28,2694.0299956580543
2004-09-29,2704.3704373255105
2004-09-30,2722.4491568920907
2004-10-01,2758.1458673327033
2004-10-04,2765.666404719421
2004-10-05,2776.9281889400654
2004-10-06,2780.335913550241
2004-10-07,2773.8761166217155
2004-10-08,2793.7233100524268
2004-10-11,2790.0955394742587
2004-10-12,2752.9479599779984
2004-10-13,2746.490517694908
2004-10-14,2749.983992688514
2004-10-15,2760.5978762645527
2004-10-18,2755.7219355756165
2004-10-19,2780.516908573853
2004-10-20,2772.011921462882
2004-10-21,2784.0323098319905
2004-10-22,2788.6043254707542
2004-10-25,2776.730232215917
2004-10-26,2783.539049492339
2004-10-27,2808.9298656899527
2004-10-28,2828.2532677152826
2004-10-29,2820.287161615412
2004-11-01,2835.8451977797777
2004-11-02,2855.4796649099094
2004-11-03,2883.8895532086954
2004-11-04,2896.9140114369807
2004-11-05,2921.4733533498784
2004-11-08,2921.07461282619
2004-11-09,2911.7371583987674
2004-11-10,2910.764946680673
2004-11-11,2922.9961165757363
2004-11-12,2951.394630024562
2004-11-15,2962.4068482256444
2004-11-16,2956.246127904604
2004-11-17,2986.9813631786583
2004-11-18,2975.362004637175
2004-11-19,2981.045111257381
2004-11-22,2957.0718551675145
2004-11-23,2966.598037479499
2004-11-24,2983.3577580406454
2004-11-25,3016.8469737439773
2004-11-26,3013.793089209339
2004-11-29,3023.4010848288763
2004-11-30,3007.8504053102624
2004-12-01,3026.6523885154497
2004-12-02,3039.4705060274446
2004-12-03,3055.487043922161
2004-12-06,3049.0099117457285
2004-12-07,3045.742474519384
2004-12-08,3002.733830034389
2004-12-09,2977.367788320577
2004-12-10,2972.9271650275314
2004-12-13,3008.9633597034845
2004-12-14,3013.5780945015767
2004-12-15,3047.612914311091
2004-12-16,3030.6978335844647
2004-12-17,3016.925160570695
2004-12-20,3055.043563752913
2004-12-21,3045.1283624765347
2004-12-22,3063.965048843742
2004-12-23,3085.8076272473427
2004-12-24,3104.7677019601615
2004-12-27,3119.1246554768813
2004-12-28,3121.1689257528055
2004-12-29,3110.6611592374543
2004-12-30,3133.926630051723
2004-12-31,3134.9209414985853
2005-01-03,3120.830792009335
2005-01-04,3089.206176966738
2005-01-05,3065.4581292648795
2005-01-06,3052.7378077468134
2005-01-07,3044.6449246815882
2005-01-10,3056.5807142624258
2005-01-11,3061.078550583479
2005-01-12,3073.9061341712068
2005-01-13,3062.7370965277896
2005-01-14,3054.6118115789427
2005-01-17,3066.4932996856687
2005-01-18,3052.1696632801572
2005-01-19,3057.145099978197
2005-01-20,3022.724417285827
2005-01-21,3028.7108404211417
2005-01-24,3041.864593360204
2005-01-25,3031.1621484220973
2005-01-26,3066.744887034086
2005-01-27,3066.5466363059286
2005-01-28,3050.5048237276587
2005-01-31,3073.2049392522945
2005-02-01,3082.3332621304003
2005-02-02,3098.15661173453
2005-02-03,3076.8283978606937
2005-02-04,3100.127498973392
2005-02-07,3094.498417700742
2005-02-08,3079.6743801344473
2005-02-09,3082.84089034801
2005-02-10,3108.436192039821
2005-02-11,3125.4588052770428
2005-02-14,3153.04328688128
2005-02-15,3163.175075100149
2005-02-16,3148.838129844195
2005-02-17,3164.695927794133
2005-02-18,3171.3452000235784
2005-02-21,3172.5220789852656
2005-02-22,3187.0103315425577
2005-02-23,3156.422358227201
2005-02-24,3155.7636817107664
2005-02-25,3189.1220111361686
2005-02-28,3209.918269105461
2005-03-01,3209.2718047202
2005-03-02,3199.1060930449344
2005-03-03,3203.974005190082
2005-03-04,3248.0231715258533
2005-03-07,3237.1105381076245
2005-03-08,3257.8302319576196
2005-03-09,3253.446798088137
2005-03-10,3234.670508762538
2005-03-11,3250.5715128766947
2005-03-14,3224.0389779456837
2005-03-15,3234.1030492463624
2005-03-16,3232.7321449086294
2005-03-17,3219.530320199857
2005-03-18,3211.498431070428
2005-03-21,3186.6352498475717
2005-03-22,3194.550931597094
2005-03-23,3137.244259308914
2005-03-24,3133.214646373512
2005-03-25,3136.363435766719
2005-03-28,3123.3905661317604
2005-03-29,3116.894140006723
2005-03-30,3118.385187084515
2005-03-31,3137.0574645248444
2005-04-01,3142.6387750203535
2005-04-04,3101.8063441569757
2005-04-05,3124.9391194779932
2005-04-06,3137.7368957412273
2005-04-07,3156.335309074207
2005-04-08,3152.437530626793
2005-04-11,3164.3120833725357
2005-04-12,3135.8309593665767
2005-04-13,3149.988841355407
2005-04-14,3116.1729255515565
2005-04-15,3093.087394638715
2005-04-18,3045.2970830944046
2005-04-19,3079.2622324337813
2005-04-20,3078.7777129688393
2005-04-21,3079.410139285401
2005-04-22,3103.263008449862
2005-04-25,3099.0462192583354
2005-04-26,3084.151840785206
2005-04-27,3056.2994251140385
2005-04-28,3046.3242901350163
2005-04-29,3057.0675609336977
2005-05-02,3054.487394753999
2005-05-03,3068.0574684907388
2005-05-04,3098.0439908462563
2005-05-05,3108.0963252708602
2005-05-06,3113.3326091021586
2005-05-09,3099.2600802644365
2005-05-10,3090.8636472188855
2005-05-11,3072.2171838134996
2005-05-12,3057.9084472789773
2005-05-13,3037.4448937937727
2005-05-16,3016.4769727966104
2005-05-17,3016.0967395433922
2005-05-18,3042.331491166303
2005-05-19,3062.6497770728647
2005-05-20,3047.6278327140967
2005-05-23,3073.913564741777
2005-05-24,3076.464477529774
2005-05-25,3068.0079040594574
2005-05-26,3068.7677616201204
2005-05-27,3079.5765723438853
2005-05-30,3087.22583906194
2005-05-31,3062.6417107813922
2005-06-01,3079.552865451618
2005-06-02,3083.887741453719
2005-06-03,3084.2936417384954
2005-06-06,3085.1791645535845
2005-06-07,3104.508244796418
2005-06-08,3115.9130083677974
2005-06-09,3081.47812653855
2005-06-10,3084.4479910619702
2005-06-13,3071.4768209147014
2005-06-14,3078.776335178203
2005-06-15,3090.403658589848
2005-06-16,3103.518220046327
2005-06-17,3142.0208991974055
2005-06-20,3123.314474743238
2005-06-21,3136.65447016383
2005-06-22,3141.5010974562583
2005-06-23,3134.4759554339576
2005-06-24,3118.850702040558
2005-06-27,3105.351656596371
2005-06-28,3112.0696839410266
2005-06-29,3116.858433831898
2005-06-30,3112.7044664030964
2005-07-01,3097.6893857809127
2005-07-04,3095.718779574805
2005-07-05,3090.8996154997603
2005-07-06,3108.032613968259
2005-07-07,3071.0692153626283
2005-07-08,3096.4444175760273
2005-07-11,3141.1067807724917
2005-07-12,3164.3997331208543
2005-07-13,3149.4315149306485
2005-07-14,3164.5586838981544
2005-07-15,3149.345212648856
2005-07-18,3151.6354204668082
2005-07-19,3141.063859931148
2005-07-20,3141.213388631264
2005-07-21,3182.673621428873
2005-07-22,3181.1864176872164
2005-07-25,3176.712335501767
2005-07-26,3163.513347763469
2005-07-27,3179.0434526120775
2005-07-28,3197.5266770044695
2005-07-29,3213.2303550797023
2005-08-01,3232.0453365528597
2005-08-02,3259.2781512176707
2005-08-03,3280.21867508918
2005-08-04,3269.9187676439487
2005-08-05,3240.0464986729066
2005-08-08,3264.341876480692
2005-08-09,3276.9281028596374
2005-08-10,3328.3665235702188
2005-08-11,3351.1287643290084
2005-08-12,3350.308173644942
2005-08-15,3336.343233517373
2005-08-16,3325.921573988771
2005-08-17,3310.408349969171
2005-08-18,3268.083397996672
2005-08-19,3283.3433465612957
2005-08-22,3322.1665639222742
2005-08-23,3302.5655097734066
2005-08-24,3300.804283695233
2005-08-25,3292.1583376098056
2005-08-26,3289.367589621777
2005-08-29,3268.603271300635
2005-08-30,3260.105385850856
2005-08-31,3301.937856594803
2005-09-01,3366.3091753764957
2005-09-02,3382.970328988429
2005-09-05,3397.9608886654337
2005-09-06,3404.9755191378376
2005-09-07,3406.3853156717437
2005-09-08,3391.5108431647986
2005-09-09,3420.8541776433576
2005-09-12,3405.6174766174677
2005-09-13,3385.623066679689
2005-09-14,3404.858096023087
2005-09-15,3394.6362867063995
2005-09-16,3404.0608005140757
2005-09-19,3401.0714321149253
2005-09-20,3420.8142410258274
2005-09-21,3414.6512277290344
2005-09-22,3385.198950984068
2005-09-23,3375.5288707926507
2005-09-26,3414.3589574758166
2005-09-27,3394.944438840208
2005-09-28,3428.544528738501
2005-09-29,3444.2511083706913
2005-09-30,3452.6285631546207
2005-10-03,3436.2726985039667
2005-10-04,3448.6857218557598
2005-10-05,3412.0635119314547
2005-10-06,3385.996071842953
2005-10-07,3374.5512970112486
2005-10-10,3366.600753893684
2005-10-11,3376.98535459974
2005-10-12,3365.091192852777
2005-10-13,3316.5566305500447
2005-10-14,3345.367700786757
2005-10-17,3333.5464727590856
2005-10-18,3300.1562813439937
2005-10-19,3268.689399613739
2005-10-20,3275.0291141272965
2005-10-21,3270.171155758608
2005-10-24,3285.040721860763
2005-10-25,3317.5331744516593
2005-10-26,3323.601771170049
2005-10-27,3318.038943956723
2005-10-28,3302.612851598913
2005-10-31,3341.0654357128697
2005-11-01,3358.3683002824037
2005-11-02,3385.193527403183
2005-11-03,3409.065822547475
2005-11-04,3375.0036637217086
2005-11-07,3380.7335851186895
2005-11-08,3379.6176328431657
2005-11-09,3369.1554873217374
2005-11-10,3364.282801158734
2005-11-11,3387.297682931369
2005-11-14,3373.447239192915
2005-11-15,3355.6167597749054
2005-11-16,3347.530497427172
2005-11-17,3388.8199125274323
2005-11-18,3406.6257614206274
2005-11-21,3427.3420031728524
2005-11-22,3421.4634754933813
2005-11-23,3452.050812090121
2005-11-24,3447.863432960829
2005-11-25,3441.905375777263
2005-11-28,3449.113960134453
2005-11-29,3443.8252614576386
2005-11-30,3429.541514221024
2005-12-01,3459.2063281495084
2005-12-02,3488.1699191553016
2005-12-05,3498.5419755518155
2005-12-06,3511.9465917191937
2005-12-07,3505.274190851275
2005-12-08,3511.286990831036
2005-12-09,3523.789698916699
2005-12-12,3565.2843110343074
2005-12-13,3569.240241128152
2005-12-14,3589.294793970032
2005-12-15,3558.2045372420225
2005-12-16,3587.8047998353686
2005-12-19,3587.4518209875628
2005-12-20,3579.3358164979954
2005-12-21,3587.4923437185657
2005-12-22,3600.162835766046
2005-12-23,3604.198888783815
2005-12-26,3609.2242178428
2005-12-27,3600.7794175691865
2005-12-28,3619.175696679912
2005-12-29,3621.6557244134483
2005-12-30,3588.5562013822805
2006-01-02,3596.577596343263
2006-01-03,3664.2719941972523
2006-01-04,3730.0870494535693
2006-01-05,3731.1561726545674
2006-01-06,3768.255850642132
2006-01-09,3760.980684843876
2006-01-10,3730.816270340281
2006-01-11,3761.340400836904
2006-01-12,3763.825201750751
2006-01-13,3754.337137972116
2006-01-16,3758.2642290795175
2006-01-17,3702.5885691674757
2006-01-18,3658.6282178507927
2006-01-19,3703.2378261954627
2006-01-20,3689.8488711186483
2006-01-23,3710.361727182756
2006-01-24,3712.942698260755
2006-01-25,3733.735132125465
2006-01-26,3766.4866212094116
2006-01-27,3798.6012465673116
2006-01-30,3793.5563983480356
2006-01-31,3815.530617688746
2006-02-01,3818.7882100843804
2006-02-02,3795.6592573685643
2006-02-03,3767.1177063763575
2006-02-06,3773.6232667379763
2006-02-07,3757.153241778891
2006-02-08,3721.1260081531173
2006-02-09,3758.282280858825
2006-02-10,3733.5365662161444
2006-02-13,3718.999184516315
2006-02-14,3725.7649886528334
2006-02-15,3725.6606401605213
2006-02-16,3739.6292277677226
2006-02-17,3738.8543974838326
2006-02-20,3742.2417723009276
2006-02-21,3756.6349254489814
2006-02-22,3764.020658281453
2006-02-23,3795.4840808476506
2006-02-24,3798.277545548922
2006-02-27,3818.4632104417087
2006-02-28,3802.7174987604494
2006-03-01,3812.2974565999575
2006-03-02,3805.383032344823
2006-03-03,3797.160329876732
2006-03-06,3807.060551773102
2006-03-07,3756.4449739589018
2006-03-08,3736.8776033103954
2006-03-09,3776.4774728284806
2006-03-10,3777.9399817060025
2006-03-13,3823.1561602488314
2006-03-14,3855.72832141772
2006-03-15,3868.9328634733047
2006-03-16,3887.521619163426
2006-03-17,3904.736856058668
2006-03-20,3920.0101986329573
2006-03-21,3898.207543538747
2006-03-22,3906.80628621454
2006-03-23,3873.762504856985
2006-03-24,3899.590736579927
2006-03-27,3894.950479296128
2006-03-28,3893.8607823830616
2006-03-29,3884.225848493117
2006-03-30,3954.2642369596915
2006-03-31,3923.3157506132684
2006-04-03,3964.615630831403
2006-04-04,3983.856589651451
2006-04-05,4000.8147302376265
2006-04-06,4022.483824906448
2006-04-07,3990.0229505743678
2006-04-10,3993.4234974600904
2006-04-11,3965.2078931765905
2006-04-12,3940.1170000670336
2006-04-13,3945.6931868957236
2006-04-14,3946.1313678108154
2006-04-17,3983.0800063452834
2006-04-18,4002.4834720323975
2006-04-19,4051.375863509832
2006-04-20,4049.9369973703847
2006-04-21,4089.025862840566
2006-04-24,4071.611512880354
2006-04-25,4083.808509145307
2006-04-26,4104.295190136683
2006-04-27,4119.733461405847
2006-04-28,4110.919212156959
2006-05-01,4138.325264614351
2006-05-02,4177.598980053506
2006-05-03,4147.681559647643
2006-05-04,4172.92150571675
2006-05-05,4225.297898034135
2006-05-08,4243.54960630825
2006-05-09,4267.068433640786
2006-05-10,4255.09239078128
2006-05-11,4239.308419085292
2006-05-12,4179.625882659726
2006-05-15,4115.769974547157
2006-05-16,4105.060035086907
2006-05-17,4028.2925353055452
2006-05-18,3990.0615812206916
2006-05-19,3956.4872865960747
2006-05-22,3892.852832484215
2006-05-23,3946.1573318718815
2006-05-24,3895.6163207524087
2006-05-25,3929.29205167763
2006-05-26,3982.6952725751935
2006-05-29,3996.060431959123
2006-05-30,3969.8373350608385
2006-05-31,3954.7346663321628
2006-06-01,3964.1715018815485
2006-06-02,4020.296018104453
2006-06-05,3992.881377183636
2006-06-06,3881.008142661885
2006-06-07,3861.723269638828
2006-06-08,3727.9828168192635
2006-06-09,3790.0714620969666
2006-06-12,3756.963352427375
2006-06-13,3645.040651337627
2006-06-14,3667.0549733029543
2006-06-15,3739.847364023911
2006-06-16,3759.7514876899804
2006-06-19,3742.4174177363952
2006-06-20,3752.6051566198253
2006-06-21,3771.2931190160934
2006-06-22,3789.0531402473866
2006-06-23,3776.7631941827576
2006-06-26,3780.9942591042636
2006-06-27,3775.5241908427834
2006-06-28,3750.783960152383
2006-06-29,3820.349479044614
2006-06-30,3949.643227426078
2006-07-03,3967.325340514371
2006-07-04,3983.691446887154
2006-07-05,3915.8146642531233
2006-07-06,3942.2202403889955
2006-07-07,3963.9979324169058
2006-07-10,3964.702083670318
2006-07-11,3938.7863857965945
2006-07-12,3909.55947466661
2006-07-13,3865.3675998702756
2006-07-14,3795.7234353834415
2006-07-17,3750.307983123557
2006-07-18,3713.383884079496
2006-07-19,3785.496401319332
2006-07-20,3839.6718950318805
2006-07-21,3819.7246962273234
2006-07-24,3850.844474561232
2006-07-25,3872.018914531607
2006-07-26,3874.335064149543
2006-07-27,3949.5800938020116
2006-07-28,3987.9609801298684
2006-07-31,3986.648786666828
2006-08-01,3955.259179374167
2006-08-02,4004.296493740243
2006-08-03,3977.3249460101306
2006-08-04,4031.8335514658224
2006-08-07,3975.521127856851
2006-08-08,3989.592874899254
2006-08-09,4025.8665231703626
2006-08-10,3980.5954560116757
2006-08-11,3975.379016607415
2006-08-14,3998.653448918019
2006-08-15,4037.446372658753
2006-08-16,4084.3921865331977
2006-08-17,4095.7030939137935
2006-08-18,4081.931517612635
2006-08-21,4094.312343014957
2006-08-22,4089.875796040763
2006-08-23,4075.796396049507
2006-08-24,4066.493978119987
2006-08-25,4048.909418022482
2006-08-28,4060.423031103808
2006-08-29,4070.3086794113956
2006-08-30,4099.2531459779875
2006-08-31,4099.956110366484
2006-09-01,4115.585423241027
2006-09-04,4162.43107053246
2006-09-05,4141.691268235843
2006-09-06,4094.1489693054777
2006-09-07,4036.484598676335
2006-09-08,4030.728378581363
2006-09-11,3989.707914490194
2006-09-12,4016.1586676607444
2006-09-13,4026.020300205895
2006-09-14,4050.8379077415857
2006-09-15,4031.4920626896496
2006-09-18,4042.523974003361
2006-09-19,4035.4016985384983
2006-09-20,4042.726662537345
2006-09-21,4068.983415963677
2006-09-22,4046.0217526421175
2006-09-25,4027.37467534715
2006-09-26,4045.0985326072773
2006-09-27,4097.078901781406
2006-09-28,4100.728861846187
2006-09-29,4096.653252747865
2006-10-02,4124.213810396955
2006-10-03,4103.141213367414
2006-10-04,4101.256408646172
2006-10-05,4145.142863693954
2006-10-06,4117.067025705223
2006-10-09,4121.7443518275995
2006-10-10,4125.702952893209
2006-10-11,4121.962564298209
2006-10-12,4140.566065629297
2006-10-13,4150.029616992426
2006-10-16,4180.249013354436
2006-10-17,4154.011741795467
2006-10-18,4171.798412043679
2006-10-19,4194.679953031784
2006-10-20,4210.990323016871
2006-10-23,4214.52700866152
2006-10-24,4217.107144552761
2006-10-25,4239.441632614632
2006-10-26,4266.348233637717
2006-10-27,4271.7455103295915
2006-10-30,4245.986296853125
2006-10-31,4258.553429825095
2006-11-01,4270.6115352449715
2006-11-02,4257.444857380824
2006-11-03,4249.326650811018
2006-11-06,4281.007645143144
2006-11-07,4324.89130876819
2006-11-08,4299.49203022478
2006-11-09,4293.518863630112
2006-11-10,4306.1962777597455
2006-11-13,4286.364951531756
2006-11-14,4297.670712676966
2006-11-15,4311.472318308165
2006-11-16,4309.38937860278
2006-11-17,4292.406722770465
2006-11-20,4269.181434250519
2006-11-21,4284.461912121629
2006-11-22,4332.759081687401
2006-11-23,4336.057289967598
2006-11-24,4340.594676135733
2006-11-27,4310.099103266167
2006-11-28,4301.521428793016
2006-11-29,4360.666006424628
2006-11-30,4385.396909020765
2006-12-01,4382.726092896849
2006-12-04,4399.331382797841
2006-12-05,4415.825904943164
2006-12-06,4431.990033840824
2006-12-07,4446.562278357279
2006-12-08,4444.532916167783
2006-12-11,4432.767530512294
2006-12-12,4452.094264713078
2006-12-13,4467.455351291509
2006-12-14,4485.09214465505
2006-12-15,4481.462711877726
2006-12-18,4474.580466855932
2006-12-19,4465.595668958501
2006-12-20,4494.0386060819255
2006-12-21,4484.839710053586
2006-12-22,4469.0543237869315
2006-12-25,4465.692698423297
2006-12-26,4462.867467550031
2006-12-27,4501.714462297523
2006-12-28,4510.309032874942
2006-12-29,4511.136885716459
2007-01-01,4511.136885716459
2007-01-02,4575.118212941566
2007-01-03,4545.319605022106
2007-01-04,4512.542251900038
2007-01-05,4453.003508288473
2007-01-08,4453.412954214226
2007-01-09,4461.918555298416
2007-01-10,4407.025341147805
2007-01-11,4437.571480805798
2007-01-12,4488.0321073761825
2007-01-15,4522.265129408877
2007-01-16,4499.121003340335
2007-01-17,4505.9536068868865
2007-01-18,4503.730520444103
2007-01-19,4524.583012119373
2007-01-22,4527.09616433559
2007-01-23,4549.603909288386
2007-01-24,4567.956807212328
2007-01-25,4554.415449290902
2007-01-26,4511.741350583453
2007-01-29,4525.345668333171
2007-01-30,4546.905888734466
2007-01-31,4538.658723278963
2007-02-01,4598.146417379618
2007-02-02,4599.42451159413
2007-02-05,4583.117140127949
2007-02-06,4609.68159952162
2007-02-07,4631.476734339358
2007-02-08,4604.239787290872
2007-02-09,4618.742251860814
2007-02-12,4589.928416794755
2007-02-13,4621.958796379451
2007-02-14,4686.986338752693
2007-02-15,4711.942968289758
2007-02-16,4701.855909673479
2007-02-19,4717.811932621328
2007-02-20,4709.8258185733275
2007-02-21,4680.712000114917
2007-02-22,4693.709365452837
2007-02-23,4727.030253639772
2007-02-26,4749.783364904994
2007-02-27,4673.845559864236
2007-02-28,4574.966760122904
2007-03-01,4532.966944168534
2007-03-02,4515.268485112162
2007-03-05,4424.392068445079
2007-03-06,4479.780926873171
2007-03-07,4509.096772359961
2007-03-08,4557.906595443378
2007-03-09,4565.557280233226
2007-03-12,4584.566388855206
2007-03-13,4546.439944240171
2007-03-14,4442.870459301658
2007-03-15,4515.372110317721
2007-03-16,4522.11389734863
2007-03-19,4574.992508807182
2007-03-20,4609.73702920621
2007-03-21,4629.182819881976
2007-03-22,4705.949420021943
2007-03-23,4714.3024618654645
2007-03-26,4700.171009286784
2007-03-27,4692.609248762159
2007-03-28,4679.8931754008
2007-03-29,4698.051342577221
2007-03-30,4692.192344994556
2007-04-02,4703.893394520854
2007-04-03,4748.03566996012
2007-04-04,4777.845331024862
2007-04-05,4790.74019485163
2007-04-06,4788.415455708476
2007-04-09,4778.035822853497
2007-04-10,4821.651266083685
2007-04-11,4818.785353914504
2007-04-12,4820.76935630732
2007-04-13,4833.608151556546
2007-04-16,4894.309029631323
2007-04-17,4901.94985835621
2007-04-18,4909.83276909736
2007-04-19,4880.8231358887215
2007-04-20,4921.517504779573
2007-04-23,4911.914888194214
2007-04-24,4894.834825481925
2007-04-25,4919.5768423315185
2007-04-26,4911.0941299509595
2007-04-27,4903.699702634902
2007-04-30,4905.774400032787
2007-05-01,4881.708531777224
2007-05-02,4911.563913253468
2007-05-03,4918.022825947232
2007-05-04,4956.697234748646
2007-05-07,4993.988995421479
2007-05-08,4944.08906261958
2007-05-09,4968.56231883539
2007-05-10,4926.291088046882
2007-05-11,4938.349630458575
2007-05-14,4944.467857928892
2007-05-15,4959.98479175355
2007-05-16,4945.92322562368
2007-05-17,4935.7142492487865
2007-05-18,4961.834920662479
2007-05-21,4961.952345447873
2007-05-22,4973.299577043752
2007-05-23,5013.556903787715
2007-05-24,4967.725031932915
2007-05-25,4958.302980682081
2007-05-28,4969.186706672179
2007-05-29,4987.141547066553
2007-05-30,4966.770909435016
2007-05-31,5014.617975022679
2007-06-01,5047.8097499428795
2007-06-04,5067.437867714629
2007-06-05,5059.901270370705
2007-06-06,5003.924265576196
2007-06-07,4950.071929946292
2007-06-08,4905.233916407123
2007-06-11,4933.344501410299
2007-06-12,4902.240373048038
2007-06-13,4902.654964767401
2007-06-14,4961.402023306749
2007-06-15,5027.369177707889
2007-06-18,5035.153717766006
2007-06-19,5029.647286202539
2007-06-20,5041.249168086698
2007-06-21,5008.024321420559
2007-06-22,4992.735278923977
2007-06-25,4982.511427635983
2007-06-26,4963.7270076439345
2007-06-27,4924.949957759962
2007-06-28,4976.111878745856
2007-06-29,5019.649813428491
2007-07-02,5057.236252988135
2007-07-03,5086.422405352381
2007-07-04,5104.822205319765
2007-07-05,5083.079912755301
2007-07-06,5109.307893981425
2007-07-09,5133.2481139427055
2007-07-10,5122.756440935349
2007-07-11,5111.137598093156
2007-07-12,5152.116923771892
2007-07-13,5188.374025658561
2007-07-16,5192.013404612554
2007-07-17,5177.414825621582
2007-07-18,5140.336452575405
2007-07-19,5185.012065866661
2007-07-20,5165.755685019454
2007-07-23,5166.209915320871
2007-07-24,5120.586385472195
2007-07-25,5054.80242448599
2007-07-26,4948.379517408541
2007-07-27,4877.052952901378
2007-07-30,4883.883648396963
2007-07-31,4950.260627425683
2007-08-01,4865.831556327642
2007-08-02,4895.76676753203
2007-08-03,4877.485828662833
2007-08-06,4849.488840444205
2007-08-07,4876.715218635382
2007-08-08,4968.3131904280035
2007-08-09,4892.8262358051115
2007-08-10,4753.229624578032
2007-08-13,4804.5689330217765
2007-08-14,4751.67911196045
2007-08-15,4679.603639864529
2007-08-16,4543.523840521242
2007-08-17,4587.286386403727
2007-08-20,4643.466305528008
2007-08-21,4671.810000550719
2007-08-22,4731.264634572179
2007-08-23,4786.206443530276
2007-08-24,4810.58328278215
2007-08-27,4824.3625199571625
2007-08-28,4763.327534679395
2007-08-29,4765.034023689546
2007-08-30,4802.932430995423
2007-08-31,4878.607135628271
2007-09-03,4885.105506490638
2007-09-04,4898.579637928051
2007-09-05,4847.657470671713
2007-09-06,4873.323489551255
2007-09-07,4825.519927530212
2007-09-10,4779.21016818099
2007-09-11,4849.323225725001
2007-09-12,4875.109861460057
2007-09-13,4894.16631678507
2007-09-14,4878.728688299431
2007-09-17,4828.774664259471
2007-09-18,4851.259400222474
2007-09-19,5006.415286386848
2007-09-20,5037.9488153297625
2007-09-21,5041.364412054727
2007-09-24,5050.8437615357625
2007-09-25,5043.862468556779
2007-09-26,5060.933615262243
2007-09-27,5128.486866798044
2007-09-28,5155.777941409835
2007-10-01,5187.480068917236
2007-10-02,5195.214772685961
2007-10-03,5202.674858193779
2007-10-04,5197.138618453658
2007-10-05,5241.8654771574165
2007-10-08,5205.854547384977
2007-10-09,5241.0313126766405
2007-10-10,5265.048138840566
2007-10-11,5319.395123662962
2007-10-12,5296.315580186857
2007-10-15,5274.230872013489
2007-10-16,5204.774233908088
2007-10-17,5228.199261184346
2007-10-18,5247.479856689208
2007-10-19,5198.496888222138
2007-10-22,5101.153567179775
2007-10-23,5173.948708440936
2007-10-24,5151.7149343951705
2007-10-25,5202.8527274131075
2007-10-26,5280.473437455479
2007-10-29,5344.136038488334
2007-10-30,5323.1868579124575
2007-10-31,5379.902710361718
2007-11-01,5327.82965408816
2007-11-02,5287.83199159074
2007-11-05,5238.163431357163
2007-11-06,5283.412942125341
2007-11-07,5290.510533335331
2007-11-08,5239.529257262136
2007-11-09,5166.315741719496
2007-11-12,5082.790315754028
2007-11-13,5108.0410346685
2007-11-14,5178.081444227114
2007-11-15,5099.014699715887
2007-11-16,5051.929800877526
2007-11-19,4976.7768026712465
2007-11-20,5049.676985250585
2007-11-21,4950.113626732182
2007-11-22,4978.090326489059
2007-11-23,5025.926703305064
2007-11-26,5045.43186654018
2007-11-27,5033.1196402822725
2007-11-28,5092.833607429801
2007-11-29,5146.5473159779
2007-11-30,5169.518657506183
2007-12-03,5153.30559007072
2007-12-04,5116.321611110777
2007-12-05,5150.352080721278
2007-12-06,5166.033674083135
2007-12-07,5208.699358811218
2007-12-10,5240.271744202847
2007-12-11,5228.512930081585
2007-12-12,5221.2443130521115
2007-12-13,5086.095605850788
2007-12-14,5032.630622689647
2007-12-17,4924.136387358351
2007-12-18,4922.0069150185755
2007-12-19,4899.913258808541
2007-12-20,4902.57230490719
2007-12-21,4971.998647802854
2007-12-24,4989.650109402844
2007-12-25,5007.977987870631
2007-12-26,5039.173111835593
2007-12-27,5055.919585445889
2007-12-28,5078.103753695362
2007-12-31,5072.341924923838
2008-01-01,5072.341924923838
2008-01-02,5071.435036426472
2008-01-03,5062.5234677481885
2008-01-04,4973.060390136396
2008-01-07,4924.2576172470945
2008-01-08,4943.12736331706
2008-01-09,4904.436050884388
2008-01-10,4872.3269031493455
2008-01-11,4847.748052719266
2008-01-14,4887.396730603952
2008-01-15,4777.419836131106
2008-01-16,4653.61850885299
2008-01-17,4650.453876567753
2008-01-18,4608.23216345417
2008-01-21,4351.396195538289
2008-01-22,4372.932528603298
2008-01-23,4321.9139701145705
2008-01-24,4535.9965903852035
2008-01-25,4595.800809841273
2008-01-28,4549.358519448084
2008-01-29,4614.200450988744
2008-01-30,4582.720249273588
2008-01-31,4615.012500484195
2008-02-01,4688.609849124658
2008-02-04,4713.741101122285
2008-02-05,4557.16737577318
2008-02-06,4523.877477137606
2008-02-07,4440.71466085784
2008-02-08,4443.6921810981385
2008-02-11,4417.823181645968
2008-02-12,4533.174361629836
2008-02-13,4520.872082489513
2008-02-14,4580.807281210198
2008-02-15,4539.019980200398
2008-02-18,4577.975138517768
2008-02-19,4626.950862332621
2008-02-20,4531.713563465328
2008-02-21,4610.169141936525
2008-02-22,4587.718645891843
2008-02-25,4667.835615575567
2008-02-26,4733.441644602752
2008-02-27,4805.194029324536
2008-02-28,4765.346034804636
2008-02-29,4698.646935453774
2008-03-03,4613.570552972511
2008-03-04,4574.880435090224
2008-03-05,4629.96323644161
2008-03-06,4628.761691211489
2008-03-07,4551.881074071224
2008-03-10,4492.190469941508
2008-03-11,4528.763555925822
2008-03-12,4625.396823835207
2008-03-13,4588.946292684794
2008-03-14,4547.574564991819
2008-03-17,4408.949460918654
2008-03-18,4522.6677467163545
2008-03-19,4477.800931069009
2008-03-20,4409.241753642737
2008-03-21,4424.821959613599
2008-03-24,4420.91809760406
2008-03-25,4598.365605791041
2008-03-26,4630.568818074048
2008-03-27,4659.941262637776
2008-03-28,4644.781066749706
2008-03-31,4631.574689997933
2008-04-01,4671.670380379213
2008-04-02,4760.817266450409
2008-04-03,4780.216491561515
2008-04-04,4818.834731182397
2008-04-07,4849.068615276829
2008-04-08,4797.503919936468
2008-04-09,4773.569031394771
2008-04-10,4770.612976994192
2008-04-11,4746.655551879984
2008-04-14,4698.224993572744
2008-04-15,4714.838874131805
2008-04-16,4831.6066658801565
2008-04-17,4810.983794958722
2008-04-18,4837.13726989453
2008-04-21,4892.5476476129
2008-04-22,4872.902466464742
2008-04-23,4869.570071813468
2008-04-24,4823.119000833636
2008-04-25,4881.167807219045
2008-04-28,4908.671596042024
2008-04-29,4878.540176379046
2008-04-30,4889.023671993992
2008-05-01,4860.242230149594
2008-05-02,4936.172436724683
2008-05-05,4950.816259080283
2008-05-06,4963.528297613995
2008-05-07,4956.332433636998
2008-05-08,4965.191457861498
2008-05-09,4911.256250262509
2008-05-12,4943.650640407147
2008-05-13,4941.778039460441
2008-05-14,4955.985985956386
2008-05-15,4998.861733323681
2008-05-16,5055.076816571008
2008-05-19,5089.151997995257
2008-05-20,5052.366728972571
2008-05-21,5032.419018289072
2008-05-22,5032.1884444787265
2008-05-23,4986.399351397243
2008-05-26,4952.937316773481
2008-05-27,4932.94610148317
2008-05-28,4928.244844133945
2008-05-29,4937.40338265325
2008-05-30,4963.213288458092
2008-06-02,4947.38820900844
2008-06-03,4929.139132236934
2008-06-04,4905.602229665342
2008-06-05,4905.361834976833
2008-06-06,4901.640675717186
2008-06-09,4852.615649850614
2008-06-10,4743.464260502259
2008-06-11,4716.841405838371
2008-06-12,4668.92599665444
2008-06-13,4682.447422067892
2008-06-16,4726.594881902151
2008-06-17,4758.948741011293
2008-06-18,4726.915025769539
2008-06-19,4672.613368523583
2008-06-20,4628.836317543369
2008-06-23,4592.265547514985
2008-06-24,4586.9976910539735
2008-06-25,4608.316026249212
2008-06-26,4575.684995595468
2008-06-27,4554.0362600157705
2008-06-30,4577.260032493155
2008-07-01,4504.975800782438
2008-07-02,4477.1690721303685
2008-07-03,4461.922683570468
2008-07-04,4426.240164722325
2008-07-07,4447.4024068703875
2008-07-08,4386.890895411111
2008-07-09,4450.157235862213
2008-07-10,4410.2085753158835
2008-07-11,4363.391081959384
2008-07-14,4372.413716053583
2008-07-15,4306.646951428998
2008-07-16,4298.569607845516
2008-07-17,4391.910234182818
2008-07-18,4407.8413308624185
2008-07-21,4445.455090962488
2008-07-22,4448.620001713694
2008-07-23,4483.370091658784
2008-07-24,4447.433009460549
2008-07-25,4407.857315733727
2008-07-28,4387.296189813743
2008-07-29,4344.761538598368
2008-07-30,4410.807725398735
2008-07-31,4414.372573316886
2008-08-01,4346.093517989355
2008-08-04,4305.54057627459
2008-08-05,4332.533822081577
2008-08-06,4370.246115312098
2008-08-07,4336.101006700664
2008-08-08,4279.769689065861
2008-08-11,4325.12896073158
2008-08-12,4294.9273117862995
2008-08-13,4209.261438113295
2008-08-14,4221.673916329199
2008-08-15,4180.9133836050405
2008-08-18,4195.4994763905415
2008-08-19,4103.067147009481
2008-08-20,4130.3457294390755
2008-08-21,4151.755631153531
2008-08-22,4168.86566394034
2008-08-25,4166.082437125487
2008-08-26,4136.510677033175
2008-08-27,4157.180608102892
2008-08-28,4202.891007643558
2008-08-29,4243.6556665373155
2008-09-01,4187.240364752523
2008-09-02,4165.641686977155
2008-09-03,4115.406379949501
2008-09-04,4010.3372952461395
2008-09-05,3913.3975177905822
2008-09-08,4015.608547292706
2008-09-09,3951.946409035891
2008-09-10,3922.428649567536
2008-09-11,3863.4777391448415
2008-09-12,3974.0769525435217
2008-09-15,3873.781407084617
2008-09-16,3754.1184947246156
2008-09-17,3706.496228089375
2008-09-18,3707.127865511624
2008-09-19,3979.7351650202795
2008-09-22,3999.3905030193982
2008-09-23,3964.668511329463
2008-09-24,3937.4446756264624
2008-09-25,3978.23523681767
2008-09-26,3903.0497505108137
2008-09-29,3701.0885984602423
2008-09-30,3630.963898047821
2008-10-01,3662.315302601865
2008-10-02,3550.1824833197866
2008-10-03,3582.018238771009
2008-10-06,3312.0030424831207
2008-10-07,3297.680307811944
2008-10-08,3110.60669367016
2008-10-09,3060.6914762911383
2008-10-10,2801.0322443009118
2008-10-13,3007.033139621205
2008-10-14,3187.0311780553916
2008-10-15,3025.143779058345
2008-10-16,2824.0586322334225
2008-10-17,2922.576596342813
2008-10-20,3021.379667651048
2008-10-21,3007.9423131704257
2008-10-22,2806.785291092244
2008-10-23,2782.2325071637233
2008-10-24,2637.635299779273
2008-10-27,2494.948459613921
2008-10-28,2572.881584331083
2008-10-29,2795.2441997573546
2008-10-30,2890.5686549834627
2008-10-31,2875.652116815666
2008-11-03,2911.3820386363914
2008-11-04,3073.305004272378
2008-11-05,3088.31333297477
2008-11-06,2881.1651624553556
2008-11-07,2887.0026191646643
2008-11-10,2935.2539496541717
2008-11-11,2786.430248972078
2008-11-12,2710.37294550157
2008-11-13,2673.344884647479
2008-11-14,2703.681599497072
2008-11-17,2646.8063094985446
2008-11-18,2638.6432391783974
2008-11-19,2559.141189774915
2008-11-20,2421.570629214744
2008-11-21,2416.9961794352485
2008-11-24,2592.257041593581
2008-11-25,2659.6732481129116
2008-11-26,2647.3202872533743
2008-11-27,2696.0484040418582
2008-11-28,2719.7058560181454
2008-12-01,2584.335572386094
2008-12-02,2584.717330545398
2008-12-03,2599.232779112173
2008-12-04,2584.537865664168
2008-12-05,2510.9288708922827
2008-12-08,2693.61304402561
2008-12-09,2713.7231443722167
2008-12-10,2750.013325420582
2008-12-11,2788.9561453958504
2008-12-12,2724.577527939865
2008-12-15,2796.3251540959072
2008-12-16,2816.431564652377
2008-12-17,2909.241916422158
2008-12-18,2914.5562388637923
2008-12-19,2828.196549952438
2008-12-22,2791.5002773834076
2008-12-23,2789.2229751131995
2008-12-24,2773.091619884947
2008-12-25,2780.9629736181796
2008-12-26,2791.83231437034
2008-12-29,2850.862953272837
2008-12-30,2877.3981550171893
2008-12-31,2863.076194295077
2009-01-01,2863.076194295077
2009-01-02,2933.3063540153476
2009-01-05,2940.227427667866
2009-01-06,2943.5512430211547
2009-01-07,2968.9672146837497
2009-01-08,2951.2240014289678
2009-01-09,2912.7158580519495
2009-01-12,2853.792697970749
2009-01-13,2765.2207184007657
2009-01-14,2689.4745881300164
2009-01-15,2628.543374163072
2009-01-16,2685.505735434444
2009-01-19,2647.01356160133
2009-01-20,2560.0845490180677
2009-01-21,2548.4547354822034
2009-01-22,2540.8952062863855
2009-01-23,2494.6118443547707
2009-01-26,2582.7544909336143
2009-01-27,2631.4722769517275
2009-01-28,2693.9011722746604
2009-01-29,2654.8339502139506
2009-01-30,2595.930808560939
2009-02-02,2535.9119361136213
2009-02-03,2588.361705128779
2009-02-04,2633.3078799124355
2009-02-05,2621.0673783239586
2009-02-06,2659.583480756097
2009-02-09,2693.719027863524
2009-02-10,2636.4865897312443
2009-02-11,2609.053606383302
2009-02-12,2557.3223234876086
2009-02-13,2578.9153714493827
2009-02-16,2542.2470031107473
2009-02-17,2447.2313804872415
2009-02-18,2418.537518427685
2009-02-19,2440.0934746394146
2009-02-20,2359.9644770112827
2009-02-23,2349.4484617877124
2009-02-24,2320.3730497934325
2009-02-25,2321.5757903149247
2009-02-26,2358.881957772698
2009-02-27,2333.1401427214496
2009-03-02,2213.4362673769024
2009-03-03,2173.7975713001592
2009-03-04,2227.400843278766
2009-03-05,2186.5620914535084
2009-03-06,2165.2304602836125
2009-03-09,2131.835075541014
2009-03-10,2223.263631330496
2009-03-11,2254.691346946381
2009-03-12,2253.134499720626
2009-03-13,2303.5330137869237
2009-03-16,2368.7057274852996
2009-03-17,2375.7125870553323
2009-03-18,2389.715223242661
2009-03-19,2508.239395539473
2009-03-20,2475.156637246037
2009-03-23,2555.974164373121
2009-03-24,2569.9700841772237
2009-03-25,2581.0506395434704
2009-03-26,2600.8865851044848
2009-03-27,2551.267483700637
2009-03-30,2440.980249342016
2009-03-31,2486.8836733380685
2009-04-01,2523.3161272659063
2009-04-02,2667.749645038281
2009-04-03,2654.071676094468
2009-04-06,2636.990267700461
2009-04-07,2603.3309278904426
2009-04-08,2590.68460245264
2009-04-09,2653.775491447052
2009-04-10,2657.4471216800207
2009-04-13,2679.0649352627306
2009-04-14,2704.5729906093516
2009-04-15,2682.7734031255945
2009-04-16,2715.3772714981883
2009-04-17,2737.035916371063
2009-04-20,2655.0058131290166
2009-04-21,2645.149549128002
2009-04-22,2673.512620402134
2009-04-23,2691.512597984844
2009-04-24,2759.702710823284
2009-04-27,2750.8564561107128
2009-04-28,2695.5282703774096
2009-04-29,2761.043927644207
2009-04-30,2807.588597754351
2009-05-01,2812.8451510115246
2009-05-04,2879.787002084626
2009-05-05,2898.3681520900177
2009-05-06,2929.5005169774713
2009-05-07,2965.4573211525426
2009-05-08,3019.2915773668296
2009-05-11,3019.1045549968517
2009-05-12,3012.2209522175935
2009-05-13,2955.1931334619017
2009-05-14,2934.460341997377
2009-05-15,2965.929358723199
2009-05-18,2978.841568023814
2009-05-19,3055.57766891458
2009-05-20,3107.6353656580004
2009-05-21,3056.7358932419115
2009-05-22,3083.8089518007077
2009-05-25,3092.798722939631
2009-05-26,3116.8133947114557
2009-05-27,3132.74679830439
2009-05-28,3107.2379745049657
2009-05-29,3162.653685964757
2009-06-01,3240.3010868189276
2009-06-02,3270.0584430865893
2009-06-03,3208.002171815903
2009-06-04,3193.5248709462844
2009-06-05,3177.4860113573486
2009-06-08,3136.6663133109273
2009-06-09,3171.1589642078384
2009-06-10,3212.008712576672
2009-06-11,3252.066492103907
2009-06-12,3233.6399727215753
2009-06-15,3141.956954866609
2009-06-16,3127.1534310999095
2009-06-17,3083.710256160222
2009-06-18,3098.541520810377
2009-06-19,3128.9400045782672
2009-06-22,3058.382654339003
2009-06-23,3046.4781871929817
2009-06-24,3107.19379873378
2009-06-25,3087.333591550603
2009-06-26,3129.7465525042758
2009-06-29,3148.4982838883616
2009-06-30,3129.9034172229285
2009-07-01,3174.0019497052267
2009-07-02,3100.87406425831
2009-07-03,3095.3709274025186
2009-07-06,3053.0063044508233
2009-07-07,3041.0250492721625
2009-07-08,2989.9941311427074
2009-07-09,3014.1488492986205
2009-07-10,2992.797894164517
2009-07-13,3008.5139289851404
2009-07-14,3061.4515310178704
2009-07-15,3143.266665466229
2009-07-16,3169.0044786727867
2009-07-17,3182.0079605706637
2009-07-20,3230.6456215252038
2009-07-21,3275.414105299055
2009-07-22,3279.968621596806
2009-07-23,3330.974477521432
2009-07-24,3337.076761712742
2009-07-27,3359.1697684201654
2009-07-28,3342.18351243656
2009-07-29,3328.500272150206
2009-07-30,3388.5937712430264
2009-07-31,3423.7940890389814
2009-08-03,3505.6594893165166
2009-08-04,3504.416757372159
2009-08-05,3483.4227996712157
2009-08-06,3486.2556881477485
2009-08-07,3469.071621986474
2009-08-10,3460.7307576459834
2009-08-11,3433.3635439004056
2009-08-12,3456.1272502108336
2009-08-13,3512.2966482957204
2009-08-14,3496.0620799762096
2009-08-17,3387.5231147469176
2009-08-18,3423.755172432767
2009-08-19,3437.725609430308
2009-08-20,3482.5436852682915
2009-08-21,3533.898406347183
2009-08-24,3581.868258214791
2009-08-25,3593.4106961180332
2009-08-26,3568.4501933889337
2009-08-27,3554.326594863276
2009-08-28,3613.3204525823976
2009-08-31,3587.8806233395167
2009-09-01,3538.486599695983
2009-09-02,3501.0569601618668
2009-09-03,3506.199728428513
2009-09-04,3534.5714821934066
2009-09-07,3597.1273891717738
2009-09-08,3651.369650312502
2009-09-09,3675.1559818509304
2009-09-10,3694.7184874032723
2009-09-11,3726.332354793925
2009-09-14,3699.9675643948003
2009-09-15,3699.2356261281816
2009-09-16,3764.1026147329735
2009-09-17,3800.167925613612
2009-09-18,3774.1650540047235
2009-09-21,3731.374524388759
2009-09-22,3787.66105244414
2009-09-23,3788.983308966609
2009-09-24,3727.833812075881
2009-09-25,3704.343508337894
2009-09-28,3721.87700630161
2009-09-29,3715.9636211586894
2009-09-30,3735.910800398466
2009-10-01,3665.104856742311
2009-10-02,3597.4700289311745
2009-10-05,3615.907033522596
2009-10-06,3710.3250035346296
2009-10-07,3709.6142388341705
2009-10-08,3775.308596538576
2009-10-09,3770.6042244490345
2009-10-12,3794.246063714537
2009-10-13,3780.1054307183595
2009-10-14,3849.825911228007
2009-10-15,3861.3349207192955
2009-10-16,3823.230787953551
2009-10-19,3881.162146282967
2009-10-20,3874.4334292120466
2009-10-21,3889.6532159595854
2009-10-22,3853.7689407513544
2009-10-23,3832.385457834652
2009-10-26,3787.4775847383585
2009-10-27,3746.5791309301703
2009-10-28,3673.178164339363
2009-10-29,3718.0026618813745
2009-10-30,3675.937767233151
2009-11-02,3674.1111937748606
2009-11-03,3630.918717802912
2009-11-04,3699.44953944555
2009-11-05,3718.0001495659185
2009-11-06,3734.567141954165
2009-11-09,3820.976215221607
2009-11-10,3815.7113792333976
2009-11-11,3833.983711149159
2009-11-12,3808.9463649158306
2009-11-13,3826.484231294727
2009-11-16,3884.776485306688
2009-11-17,3844.261958008562
2009-11-18,3861.30890150081
2009-11-19,3785.4859908768954
2009-11-20,3757.7909191420217
2009-11-23,3839.6411767917934
2009-11-24,3805.212288958543
2009-11-25,3855.5505217865143
2009-11-26,3755.4974947836035
2009-11-27,3751.239811525084
2009-11-30,3766.8898266741494
2009-12-01,3869.1011504475164
2009-12-02,3880.022103875245
2009-12-03,3889.30795789014
2009-12-04,3860.453988606823
2009-12-07,3845.83499658677
2009-12-08,3794.252805922305
2009-12-09,3766.111415581996
2009-12-10,3777.5335426136867
2009-12-11,3774.9046132696635
2009-12-14,3808.294294647235
2009-12-15,3782.7585489493636
2009-12-16,3827.446576682621
2009-12-17,3740.1989294907694
2009-12-18,3711.357614843374
2009-12-21,3749.0351452695963
2009-12-22,3758.791956396457
2009-12-23,3794.1395701577744
2009-12-24,3812.3971966159916
2009-12-25,3808.560428229997
2009-12-28,3835.455824580674
2009-12-29,3851.1752116434373
2009-12-30,3808.488002596774
2009-12-31,3826.9380543315206
2010-01-01,3826.9380543315206
2010-01-04,3901.585786698199
2010-01-05,3912.370318782437
2010-01-06,3913.308749813698
2010-01-07,3895.825242289151
2010-01-08,3918.5465203274593
2010-01-11,3969.3294451257752
2010-01-12,3954.4503235630127
2010-01-13,3938.059200038174
2010-01-14,3969.8750377276074
2010-01-15,3931.324492670514
2010-01-18,3947.5389744900986
2010-01-19,3934.1689681041175
2010-01-20,3852.939150573839
2010-01-21,3807.8139238459903
2010-01-22,3779.1946549151226
2010-01-25,3757.959440763673
2010-01-26,3737.840576775027
2010-01-27,3701.9351627315737
2010-01-28,3668.855859367159
2010-01-29,3647.5526086961995
2010-02-01,3660.7141515165017
2010-02-02,3714.6471664606215
2010-02-03,3696.6670310642235
2010-02-04,3599.852930765763
2010-02-05,3522.14226864461
2010-02-08,3533.019915096586
2010-02-09,3543.9518743526028
2010-02-10,3555.1068364478724
2010-02-11,3563.9567011966733
2010-02-12,3566.510594483531
2010-02-15,3567.6530337637123
2010-02-16,3616.621158686623
2010-02-17,3658.2175691566667
2010-02-18,3668.0508315874126
2010-02-19,3632.361733704089
2010-02-22,3670.8372226989322
2010-02-23,3643.12152726737
2010-02-24,3640.810748366849
2010-02-25,3589.4973654599244
2010-02-26,3643.8971869827365
2010-03-01,3654.1602880856094
2010-03-02,3701.8115194655766
2010-03-03,3752.302770968372
2010-03-04,3729.854184235825
2010-03-05,3774.0621015876636
2010-03-08,3801.1295693521743
2010-03-09,3791.0148475111855
2010-03-10,3814.4433395071715
2010-03-11,3815.106846183712
2010-03-12,3845.1855455447458
2010-03-15,3810.7804566097116
2010-03-16,3855.7568325360467
2010-03-17,3891.177242030033
2010-03-18,3857.4560525050715
2010-03-19,3839.8066238066167
2010-03-22,3837.5628739358835
2010-03-23,3857.4248881572285
2010-03-24,3811.498455614903
2010-03-25,3829.0130709429495
2010-03-26,3837.3913232916957
2010-03-29,3867.774375817082
2010-03-30,3870.095813013519
2010-03-31,3878.467247893183
2010-04-01,3925.1950055518064
2010-04-02,3929.1120198433814
2010-04-05,3927.1094385471924
2010-04-06,3925.973649232066
2010-04-07,3918.2040374371823
2010-04-08,3893.13891237281
2010-04-09,3943.8719058708566
2010-04-12,3976.0429305630823
2010-04-13,3952.3841486465644
2010-04-14,3994.5016018487345
2010-04-15,4007.7676934510423
2010-04-16,3945.581199550931
2010-04-19,3901.198249600756
2010-04-20,3935.990361929045
2010-04-21,3924.335827178994
2010-04-22,3873.1200255971225
2010-04-23,3887.8748925480168
2010-04-26,3925.66317352762
2010-04-27,3850.4738897610328
2010-04-28,3774.9644864176494
2010-04-29,3816.460566886517
2010-04-30,3820.638232857674
2010-05-03,3797.2918519980794
2010-05-04,3695.0077197896426
2010-05-05,3638.1870045410906
2010-05-06,3553.668084205669
2010-05-07,3447.7794704442904
2010-05-10,3637.0789398762176
2010-05-11,3595.5759166172124
2010-05-12,3631.7379726611252
2010-05-13,3638.212317106991
2010-05-14,3525.7090595708128
2010-05-17,3472.911678489617
2010-05-18,3498.7806376933872
2010-05-19,3415.701829286212
2010-05-20,3351.945400207671
2010-05-21,3364.5029224406303
2010-05-24,3349.1979179745517
2010-05-25,3249.1536317522696
2010-05-26,3297.9034368624057
2010-05-27,3386.6279927268174
2010-05-28,3401.9510437038716
2010-05-31,3399.0317254303154
2010-06-01,3395.5366199482055
2010-06-02,3370.992825474089
2010-06-03,3429.5779071329102
2010-06-04,3355.4922067804196
2010-06-07,3282.228511228741
2010-06-08,3273.9933244618155
2010-06-09,3324.3669693640736
2010-06-10,3383.888497707386
2010-06-11,3401.241651780192
2010-06-14,3474.8296190289593
2010-06-15,3502.4265900237147
2010-06-16,3522.921120185437
2010-06-17,3529.3084196176787
2010-06-18,3539.9181759517337
2010-06-21,3587.4923242840887
2010-06-22,3547.760779835558
2010-06-23,3498.59325623761
2010-06-24,3472.693066534481
2010-06-25,3444.741728032262
2010-06-28,3472.026955229948
2010-06-29,3359.8982694474116
2010-06-30,3349.8606306705574
2010-07-01,3326.9090135300594
2010-07-02,3345.377875174954
2010-07-05,3327.100958960314
2010-07-06,3423.983758696926
2010-07-07,3449.5857331333727
2010-07-08,3501.326635881055
2010-07-09,3519.3105519011992
2010-07-12,3517.045403512634
2010-07-13,3575.72742225004
2010-07-14,3601.9847673287136
2010-07-15,3598.5003830843534
2010-07-16,3550.5400523576272
2010-07-19,3526.4394128995928
2010-07-20,3513.4886610358844
2010-07-21,3525.5041398598896
2010-07-22,3588.037010983283
2010-07-23,3606.5327094659924
2010-07-26,3645.286764593546
2010-07-27,3657.5464366713863
2010-07-28,3673.1537724130944
2010-07-29,3682.684601697148
2010-07-30,3659.472441537041
2010-08-02,3757.3655392102273
2010-08-03,3780.01566052417
2010-08-04,3755.666178600501
2010-08-05,3763.2283428496953
2010-08-06,3771.02131434173
2010-08-09,3789.5835717351574
2010-08-10,3730.4346579081825
2010-08-11,3624.4614755345438
2010-08-12,3599.3950891237178
2010-08-13,3597.150625061554
2010-08-16,3614.342135143639
2010-08-17,3652.571984662754
2010-08-18,3653.6350832633902
2010-08-19,3630.63868363798
2010-08-20,3558.9655653651635
2010-08-23,3569.9117873303358
2010-08-24,3529.409317054359
2010-08-25,3484.970194119857
2010-08-26,3533.616042296235
2010-08-27,3554.83140101969
2010-08-30,3568.9626169342328
2010-08-31,3550.09174986589
2010-09-01,3648.235352499012
2010-09-02,3665.1672516450844
2010-09-03,3698.331592008018
2010-09-06,3729.3509226633823
2010-09-07,3689.6951663638843
2010-09-08,3699.8288506825993
2010-09-09,3735.361501779984
2010-09-10,3732.789841098533
2010-09-13,3792.346614587173
2010-09-14,3817.8385114075004
2010-09-15,3811.816116123505
2010-09-16,3799.0266014813537
2010-09-17,3789.2081811516514
2010-09-20,3834.1135408664904
2010-09-21,3830.287227626808
2010-09-22,3854.272188602139
2010-09-23,3836.8990858959355
2010-09-24,3887.4553218601764
2010-09-27,3892.4218182360123
2010-09-28,3902.4506830732203
2010-09-29,3909.642461445766
2010-09-30,3890.641089887437
2010-10-01,3906.5775151490016
2010-10-04,3879.433192678482
2010-10-05,3955.8234566203323
2010-10-06,4000.3909126380854
2010-10-07,4012.541874529015
2010-10-08,4011.2967034904427
2010-10-11,4014.8818490021636
2010-10-12,3983.5796540146584
2010-10-13,4048.473485925213
2010-10-14,4088.1386552259314
2010-10-15,4062.637834098769
2010-10-18,4065.0900606947835
2010-10-19,4004.3624599686127
2010-10-20,4048.248835480287
2010-10-21,4061.0971479788664
2010-10-22,4039.517202887173
2010-10-25,4073.6893708431776
2010-10-26,4034.2942736359
2010-10-27,3980.0662465536116
2010-10-28,4023.3197905662364
2010-10-29,4029.241775836551
2010-11-01,4032.426704368452
2010-11-02,4071.267474343878
2010-11-03,4058.756943429229
2010-11-04,4174.599369705444
2010-11-05,4168.58418776029
2010-11-08,4155.842768858893
2010-11-09,4169.647889368524
2010-11-10,4098.915350843479
2010-11-11,4100.350707048943
2010-11-12,4073.4433818497982
2010-11-15,4071.2917476333214
2010-11-16,3988.016754408526
2010-11-17,4000.4253074540607
2010-11-18,4067.898007656922
2010-11-19,4064.778779602087
2010-11-22,4044.7947348242665
2010-11-23,3966.9314751191596
2010-11-24,3982.169431184675
2010-11-25,3993.859616669229
2010-11-26,3936.9094474785634
2010-11-29,3881.4848408815365
2010-11-30,3858.6055244081995
2010-12-01,3925.650822346037
2010-12-02,4009.8348652116106
2010-12-03,4061.2789840761175
2010-12-06,4050.240889125361
2010-12-07,4078.0197458280636
2010-12-08,4047.649974433225
2010-12-09,4063.3905947119615
2010-12-10,4073.743751705108
2010-12-13,4130.305430544868
2010-12-14,4141.539305989403
2010-12-15,4110.639540573705
2010-12-16,4088.3748118582744
2010-12-17,4069.3529792790787
2010-12-20,4071.750863769825
2010-12-21,4121.610932507063
2010-12-22,4124.363124555928
2010-12-23,4129.420859170436
2010-12-24,4135.424867957497
2010-12-27,4124.090741822494
2010-12-28,4138.746770885697
2010-12-29,4156.310654086245
2010-12-30,4146.687026539634
2010-12-31,4169.306470746844
2011-01-03,4174.783520030079
2011-01-04,4189.487247351671
2011-01-05,4143.331638324051
2011-01-06,4142.171798299698
2011-01-07,4134.321187082514
2011-01-10,4102.244300485211
2011-01-11,4128.615852526734
2011-01-12,4196.528125476045
2011-01-13,4247.148365451407
2011-01-14,4240.585765555763
2011-01-17,4230.908152646494
2011-01-18,4280.138789549889
2011-01-19,4276.490826299638
2011-01-20,4194.712231701382
2011-01-21,4233.4471382797565
2011-01-24,4271.31589112926
2011-01-25,4261.5711022190135
2011-01-26,4290.842174754987
2011-01-27,4300.118426030979
2011-01-28,4252.174477886427
2011-01-31,4259.121296727173
2011-02-01,4332.86498015334
2011-02-02,4360.850619508578
2011-02-03,4333.429145784792
2011-02-04,4333.1218415272815
2011-02-07,4356.973075176324
2011-02-08,4390.21180206449
2011-02-09,4371.93974910401
2011-02-10,4339.570499028891
2011-02-11,4335.97379569441
2011-02-14,4350.188524702522
2011-02-15,4361.605142333397
2011-02-16,4384.317875753167
2011-02-17,4419.931335215325
2011-02-18,4431.30651187263
2011-02-21,4402.538273350985
2011-02-22,4364.009184059073
2011-02-23,4338.990470459256
2011-02-24,4326.285193045087
2011-02-25,4372.102438618516
2011-02-28,4417.047476492311
2011-03-01,4415.243338852803
2011-03-02,4390.52212406986
2011-03-03,4409.725466756485
2011-03-04,4418.190840644287
2011-03-07,4393.159984726556
2011-03-08,4371.041929330427
2011-03-09,4369.64098621611
2011-03-10,4282.938026948196
2011-03-11,4264.05941834714
2011-03-14,4200.125448646938
2011-03-15,4057.184600990107
2011-03-16,4061.3658258436253
2011-03-17,4134.125746960953
2011-03-18,4164.516291336645
2011-03-21,4234.013064091749
2011-03-22,4272.007596951587
2011-03-23,4264.261641779678
2011-03-24,4305.062587259861
2011-03-25,4302.879356569466
2011-03-28,4287.616382694136
2011-03-29,4279.640389550683
2011-03-30,4328.854493546083
2011-03-31,4328.562951404242
2011-04-01,4348.839749053184
2011-04-04,4375.2309884630495
2011-04-05,4363.032690620721
2011-04-06,4388.308792615517
2011-04-07,4371.757101981662
2011-04-08,4429.164911263572
2011-04-11,4423.311021120401
2011-04-12,4361.829943594639
2011-04-13,4391.340057312487
2011-04-14,4377.851210592599
2011-04-15,4370.671304579299
2011-04-18,4283.635261839363
2011-04-19,4308.924663810827
2011-04-20,4417.871261350295
2011-04-21,4466.389732909821
2011-04-22,4466.868916718976
2011-04-25,4451.253254410414
2011-04-26,4472.788112465392
2011-04-27,4476.894640159591
2011-04-28,4549.229220451804
2011-04-29,4564.303592224173
2011-05-02,4593.754497106592
2011-05-03,4554.684664004729
2011-05-04,4511.989105948232
2011-05-05,4449.937275654376
2011-05-06,4460.346354621071
2011-05-09,4405.447908518821
2011-05-10,4452.07128793109
2011-05-11,4444.933030970336
2011-05-12,4385.05993259713
2011-05-13,4370.2259818237735
2011-05-16,4357.773222087221
2011-05-17,4312.78244203102
2011-05-18,4357.168710560337
2011-05-19,4372.2219793875
2011-05-20,4347.159331611556
2011-05-23,4253.47921862693
2011-05-24,4270.9288673894125
2011-05-25,4285.599135667526
2011-05-26,4311.837265476662
2011-05-27,4368.638912696191
2011-05-30,4367.80279397841
2011-05-31,4428.997738252234
2011-06-01,4406.721738118652
2011-06-02,4346.046398292002
2011-06-03,4353.6888757133875
2011-06-06,4333.021328109639
2011-06-07,4350.146129801747
2011-06-08,4302.939976752979
2011-06-09,4312.533621791735
2011-06-10,4245.811376447867
2011-06-13,4244.976992435283
2011-06-14,4305.522747315218
2011-06-15,4236.4629325724845
2011-06-16,4164.449879172187
2011-06-17,4198.88800800229
2011-06-20,4183.581457045426
2011-06-21,4257.507324642885
2011-06-22,4269.101447638542
2011-06-23,4162.900237517297
2011-06-24,4171.572121967408
2011-06-27,4175.507526323657
2011-06-28,4217.191473684448
2011-06-29,4296.443105237953
2011-06-30,4365.919338156792
2011-07-01,4386.579228097928
2011-07-04,4415.1857106681555
2011-07-05,4404.865719523952
2011-07-06,4374.897598480363
2011-07-07,4397.474007748842
2011-07-08,4367.144901088208
2011-07-11,4263.294377561458
2011-07-12,4233.488666480049
2011-07-13,4304.981495355327
2011-07-14,4272.9691469329555
2011-07-15,4262.196275272268
2011-07-18,4193.340749520743
2011-07-19,4250.510417667112
2011-07-20,4302.449149772849
2011-07-21,4372.717125884336
2011-07-22,4400.09661182237
2011-07-25,4375.011427872011
2011-07-26,4401.214076007689
2011-07-27,4338.658072828803
2011-07-28,4310.688808749307
2011-07-29,4293.8997454774035
2011-08-01,4254.086407703567
2011-08-02,4181.624454838568
2011-08-03,4120.280709165037
2011-08-04,3965.5985144776537
2011-08-05,3877.938857500072
2011-08-08,3741.8207376773594
2011-08-09,3776.0174705396703
2011-08-10,3715.9047101351694
2011-08-11,3782.940491642826
2011-08-12,3855.3109024613673
2011-08-15,3928.492765524812
2011-08-16,3913.8152004081135
2011-08-17,3937.6324066091215
2011-08-18,3770.223235150997
2011-08-19,3721.536108303373
2011-08-22,3719.323864548274
2011-08-23,3766.431790038264
2011-08-24,3788.082162909691
2011-08-25,3758.113157517311
2011-08-26,3753.824757006998
2011-08-29,3827.3119391187784
2011-08-30,3851.6408980575884
2011-08-31,3930.880080877191
2011-09-01,3925.4854902775833
2011-09-02,3842.931317054748
2011-09-05,3703.1916262848226
2011-09-06,3654.809230124894
2011-09-07,3752.0166407030865
2011-09-08,3767.935138697444
2011-09-09,3642.971253733513
2011-09-12,3539.9398567895287
2011-09-13,3582.934167019452
2011-09-14,3599.164394616041
2011-09-15,3692.9382238476533
2011-09-16,3714.3834969590034
2011-09-19,3626.177439152487
2011-09-20,3669.4942263482662
2011-09-21,3621.9151537705548
2011-09-22,3432.996352206478
2011-09-23,3447.193473553583
2011-09-26,3459.1268727432725
2011-09-27,3617.940290705632
2011-09-28,3589.380020085682
2011-09-29,3609.2378447367764
2011-09-30,3536.1297261003656
2011-10-03,3452.186808268589
2011-10-04,3369.632444324746
2011-10-05,3445.057589991461
2011-10-06,3556.3174164798384
2011-10-07,3602.627166973024
2011-10-10,3673.325499486349
2011-10-11,3689.1072487569336
2011-10-12,3759.2243492023167
2011-10-13,3726.651116958778
2011-10-14,3770.282989957218
2011-10-17,3753.15697284437
2011-10-18,3711.3275229945566
2011-10-19,3745.5580537945157
2011-10-20,3676.293999984166
2011-10-21,3780.2197448624406
2011-10-24,3840.423027897442
2011-10-25,3817.3886691540915
2011-10-26,3806.5574897141123
2011-10-27,3998.4678052798067
2011-10-28,4018.6747943992323
2011-10-31,3880.0304156396815
2011-11-01,3715.849756561305
2011-11-02,3749.7930874161893
2011-11-03,3788.711225750725
2011-11-04,3787.712325417117
2011-11-07,3777.576706079165
2011-11-08,3800.3738940477297
2011-11-09,3723.896070101223
2011-11-10,3682.3888540177736
2011-11-11,3777.304915777114
2011-11-14,3744.437507898259
2011-11-15,3702.7966196442926
2011-11-16,3692.1268124331177
2011-11-17,3654.172665554088
2011-11-18,3622.8607287317154
2011-11-21,3523.0465922285985
2011-11-22,3514.6182065216435
2011-11-23,3441.5006729784545
2011-11-24,3421.5789983169966
2011-11-25,3418.2964857621896
2011-11-28,3534.421735208673
2011-11-29,3573.997236266941
2011-11-30,3700.723659168229
2011-12-01,3707.150901279543
2011-12-02,3728.190018876906
2011-12-05,3763.6262624545
2011-12-06,3723.125916449276
2011-12-07,3739.9687050274383
2011-12-08,3678.8980400860105
2011-12-09,3694.53762005427
2011-12-12,3635.2188289037836
2011-12-13,3609.1469721531757
2011-12-14,3522.5432430305364
2011-12-15,3534.41373812977
2011-12-16,3543.8887846346056
2011-12-19,3518.2246962472154
2011-12-20,3588.7984668912395
2011-12-21,3583.0183357737383
2011-12-22,3610.612507566915
2011-12-23,3631.735183789105
2011-12-26,3635.7297259054926
2011-12-27,3639.9235072947813
2011-12-28,3591.118416808459
2011-12-29,3610.706447091206
2011-12-30,3660.3423169110124
2012-01-02,3683.0985963703442
2012-01-03,3751.662636339204
2012-01-04,3734.4198412272617
2012-01-05,3677.7763547068625
2012-01-06,3652.360583351695
2012-01-09,3648.101961471291
2012-01-10,3709.2945899218807
2012-01-11,3685.9644089760823
2012-01-12,3695.2993456326462
2012-01-13,3674.5643859102943
2012-01-16,3684.2364137155078
2012-01-17,3729.3340394755405
2012-01-18,3751.4547342987375
2012-01-19,3801.2133543437767
2012-01-20,3816.359744171942
2012-01-23,3860.2676000491165
2012-01-24,3827.8535845805663
2012-01-25,3831.7031950590463
2012-01-26,3903.655928983489
2012-01-27,3879.5536867221194
2012-01-30,3843.371604166987
2012-01-31,3857.96518995564
2012-02-01,3927.429979913581
2012-02-02,3937.028668528647
2012-02-03,3964.5352003188573
2012-02-06,3963.7467872385805
2012-02-07,3987.010562815506
2012-02-08,3997.271702106419
2012-02-09,4009.470907198728
2012-02-10,3945.2598241550213
2012-02-13,3978.3806789356336
2012-02-14,3947.320396686993
2012-02-15,3977.3956084224174
2012-02-16,3964.604945143611
2012-02-17,4007.588004842546
2012-02-20,4063.497371019177
2012-02-21,4050.111535279683
2012-02-22,4027.736640256599
2012-02-23,4043.20525663512
2012-02-24,4076.6034319342034
2012-02-27,4058.143919113707
2012-02-28,4075.8603141536237
2012-02-29,4070.070514124937
2012-03-01,4079.6866602116334
2012-03-02,4054.868430626991
2012-03-05,4031.374657028699
2012-03-06,3926.8840822557536
2012-03-07,3932.1775564808363
2012-03-08,4017.892010228488
2012-03-09,4012.237518864087
2012-03-12,3998.252019775436
2012-03-13,4042.544454473645
2012-03-14,4031.407831995599
2012-03-15,4061.7118274031013
2012-03-16,4099.04505260363
2012-03-19,4112.796848837017
2012-03-20,4069.2201173804206
2012-03-21,4049.12386773533
2012-03-22,4029.6134176636815
2012-03-23,4041.045497415459
2012-03-26,4078.112454261876
2012-03-27,4085.0041332859855
2012-03-28,4052.862797460894
2012-03-29,4013.5336290929563
2012-03-30,4039.9464858618267
2012-04-02,4086.9583426982063
2012-04-03,4056.27856167926
2012-04-04,3939.7358955935038
2012-04-05,3931.9771942531843
2012-04-06,3925.020664902209
2012-04-09,3917.582610965069
2012-04-10,3859.0031484587553
2012-04-11,3873.6655884171355
2012-04-12,3928.2925810110487
2012-04-13,3879.958457137807
2012-04-16,3875.0287458019525
2012-04-17,3939.2994108145713
2012-04-18,3936.5253407233567
2012-04-19,3922.39556027333
2012-04-20,3944.430141458562
2012-04-23,3869.6255387208143
2012-04-24,3904.479922793837
2012-04-25,3934.2004853383587
2012-04-26,3956.5151317488794
2012-04-27,3982.1078275833247
2012-04-30,3971.37690320338
2012-05-01,3966.323952648993
2012-05-02,3942.11766685704
2012-05-03,3933.6965011279435
2012-05-04,3881.2202452995157
2012-05-07,3853.513273958388
2012-05-08,3804.7176221280283
2012-05-09,3773.076741636762
2012-05-10,3792.198775138597
2012-05-11,3790.089380038666
2012-05-14,3721.4076680948524
2012-05-15,3678.7964031933784
2012-05-16,3637.8583695332654
2012-05-17,3619.1046205368793
2012-05-18,3566.7436934331536
2012-05-21,3584.4608393237786
2012-05-22,3638.963947438007
2012-05-23,3548.704945829624
2012-05-24,3570.6486373367406
2012-05-25,3561.1380177385795
2012-05-28,3571.6637906381347
2012-05-29,3599.8571070032745
2012-05-30,3531.290069585458
2012-05-31,3518.622427617474
2012-06-01,3463.0971498096
2012-06-04,3452.1224879950482
2012-06-05,3473.2914897241103
2012-06-06,3546.2647932031514
2012-06-07,3596.087823875589
2012-06-08,3549.4508766238296
2012-06-11,3574.2052493068804
2012-06-12,3576.3423492250827
2012-06-13,3596.800217137495
2012-06-14,3590.2432324152574
2012-06-15,3628.2486010615144
2012-06-18,3642.2962734267444
2012-06-19,3700.083116776661
2012-06-20,3724.678558824751
2012-06-21,3674.455354695876
2012-06-22,3635.686293499252
2012-06-25,3590.217051133071
2012-06-26,3583.5559127576244
2012-06-27,3622.2277102511816
2012-06-28,3620.960708654992
2012-06-29,3749.1744359252166
2012-07-02,3769.430984968776
2012-07-03,3812.5798504232307
2012-07-04,3804.852936955688
2012-07-05,3773.145305689044
2012-07-06,3729.4334547589956
2012-07-09,3702.786911431238
2012-07-10,3704.025374685268
2012-07-11,3705.7126644615896
2012-07-12,3651.907649284445
2012-07-13,3701.1765995981905
2012-07-16,3710.4456475832158
2012-07-17,3702.6021294091934
2012-07-18,3739.0761730885188
2012-07-19,3784.46350003633
2012-07-20,3720.5912001165116
2012-07-23,3632.5483392697483
2012-07-24,3612.209354063995
2012-07-25,3605.8589524733034
2012-07-26,3706.9452370996273
2012-07-27,3769.04706835301
2012-07-30,3797.507300690709
2012-07-31,3795.8570363651957
2012-08-01,3793.8980877574927
2012-08-02,3739.671791273341
2012-08-03,3818.926092435539
2012-08-06,3862.633678225467
2012-08-07,3895.1401364500657
2012-08-08,3894.129556508333
2012-08-09,3903.384505240851
2012-08-10,3896.664363623249
2012-08-13,3889.4660779639526
2012-08-14,3898.163333159086
2012-08-15,3889.111246528962
2012-08-16,3927.9437479538824
2012-08-17,3936.7286141735394
2012-08-20,3935.387352846531
2012-08-21,3976.209722455157
2012-08-22,3938.338204706592
2012-08-23,3957.9155700929123
2012-08-24,3933.000558721938
2012-08-27,3940.7179596717665
2012-08-28,3928.5261610647367
2012-08-29,3918.374084745882
2012-08-30,3879.682128184162
2012-08-31,3904.1575598803506
2012-09-03,3915.428297663788
2012-09-04,3879.4398354273417
2012-09-05,3875.6146596287854
2012-09-06,3944.517806380933
2012-09-07,4021.2259530273036
2012-09-10,4012.5270650432717
2012-09-11,4034.515740700882
2012-09-12,4058.034293407001
2012-09-13,4067.9609587291284
2012-09-14,4167.9406611036975
2012-09-17,4149.613759618702
2012-09-18,4122.090124552946
2012-09-19,4145.396570963265
2012-09-20,4102.956243882186
2012-09-21,4126.584655709107
2012-09-24,4097.253622596465
2012-09-25,4118.339362777163
2012-09-26,4034.110686426649
2012-09-27,4060.2607803815154
2012-09-28,4022.693948744802
2012-10-01,4060.1831744248016
2012-10-02,4059.8421734082385
2012-10-03,4039.1926154839625
2012-10-04,4072.72994911848
2012-10-05,4112.033097155481
2012-10-08,4073.3864864912207
2012-10-09,4034.491158479875
2012-10-10,4008.742352573577
2012-10-11,4031.402791881239
2012-10-12,4026.7516486723453
2012-10-15,4034.7030994672905
2012-10-16,4097.2019144084625
2012-10-17,4146.753718778148
2012-10-18,4156.771515545033
2012-10-19,4120.309960976982
2012-10-22,4109.271401326174
2012-10-23,4037.13229848711
2012-10-24,4043.5457603129307
2012-10-25,4057.0208521251134
2012-10-26,4044.3661888982674
2012-10-29,4022.6231488290828
2012-10-30,4057.6559038669748
2012-10-31,4050.8836336800696
2012-11-01,4076.704286742025
2012-11-02,4071.54451302209
2012-11-05,4046.118096218147
2012-11-06,4063.253866298174
2012-11-07,4025.592763356668
2012-11-08,3999.791150972181
2012-11-09,3988.9725707611574
2012-11-12,3977.2404205341522
2012-11-13,3979.464873044008
2012-11-14,3945.5482958074936
2012-11-15,3931.92601932469
2012-11-16,3905.4085373723096
2012-11-19,4001.6373820014833
2012-11-20,4001.281469587382
2012-11-21,4011.8255567635797
2012-11-22,4053.2237447232123
2012-11-23,4090.0934091366494
2012-11-26,4084.665926232748
2012-11-27,4086.1140764953825
2012-11-28,4080.354651923552
2012-11-29,4132.456294678387
2012-11-30,4136.089092811211
2012-12-03,4150.48211761242
2012-12-04,4156.761425516168
2012-12-05,4158.287425725103
2012-12-06,4167.714890932194
2012-12-07,4164.953913400214
2012-12-10,4171.357195905889
2012-12-11,4195.022310440081
2012-12-12,4210.394788591743
2012-12-13,4209.492496274682
2012-12-14,4214.451410663819
2012-12-17,4225.829056759696
2012-12-18,4256.446647404416
2012-12-19,4297.299710521548
2012-12-20,4291.429107726831
2012-12-21,4264.110894775234
2012-12-24,4257.423372458354
2012-12-25,4262.139857504265
2012-12-26,4265.92693159022
2012-12-27,4273.764580419328
2012-12-28,4261.251695394998
2012-12-31,4261.070030734347
2013-01-01,4261.421489372512
2013-01-02,4335.901407883249
2013-01-03,4324.99376833843
2013-01-04,4339.090562527221
2013-01-07,4332.7270886917895
2013-01-08,4316.378997750562
2013-01-09,4334.3205838165
2013-01-10,4374.927664234138
2013-01-11,4397.576080707724
2013-01-14,4390.390587506696
2013-01-15,4402.047149926966
2013-01-16,4377.2044986616
2013-01-17,4398.093782395414
2013-01-18,4394.852643241588
2013-01-21,4404.721298129494
2013-01-22,4409.562807240781
2013-01-23,4399.103540969857
2013-01-24,4419.351040015434
2013-01-25,4453.909107472181
2013-01-28,4446.169378151491
2013-01-29,4474.652851448128
2013-01-30,4485.786375677988
2013-01-31,4470.66976097381
2013-02-01,4497.800082324004
2013-02-04,4440.618770118956
2013-02-05,4425.981394783972
2013-02-06,4444.67506689907
2013-02-07,4411.372151277804
2013-02-08,4439.3440112283515
2013-02-11,4411.165822193514
2013-02-12,4458.616790897468
2013-02-13,4457.769758068959
2013-02-14,4439.598343995387
2013-02-15,4414.159030094843
2013-02-18,4425.720694900897
2013-02-19,4466.766935275261
2013-02-20,4465.837588554572
2013-02-21,4378.619356974823
2013-02-22,4401.312889769291
2013-02-25,4419.188768058113
2013-02-26,4356.245320183058
2013-02-27,4383.415409054303
2013-02-28,4426.115034867566
2013-03-01,4392.383813316032
2013-03-04,4391.906282200484
2013-03-05,4446.595455088118
2013-03-06,4455.653489151626
2013-03-07,4464.677040491307
2013-03-08,4467.934389746955
2013-03-11,4493.192989798971
2013-03-12,4495.046920671546
2013-03-13,4467.382097691199
2013-03-14,4508.037523009169
2013-03-15,4545.845028398703
2013-03-18,4484.317851367979
2013-03-19,4468.9919796258155
2013-03-20,4486.772006665528
2013-03-21,4478.4036270209035
2013-03-22,4480.639693328516
2013-03-25,4460.585013303865
2013-03-26,4460.929316477425
2013-03-27,4444.7555411214635
2013-03-28,4461.860618868403
2013-03-29,4461.162107223783
2013-04-01,4441.345811494592
2013-04-02,4466.463889727502
2013-04-03,4456.08696398222
2013-04-04,4412.618033517957
2013-04-05,4413.077490347514
2013-04-08,4431.653957497697
2013-04-09,4458.396872683874
2013-04-10,4526.098493200774
2013-04-11,4577.295888581064
2013-04-12,4551.094131040418
2013-04-15,4504.441882739054
2013-04-16,4482.774736818655
2013-04-17,4435.859153156202
2013-04-18,4423.12904363617
2013-04-19,4434.805801855109
2013-04-22,4443.86564552726
2013-04-23,4503.410882665498
2013-04-24,4551.239913327602
2013-04-25,4587.732213854929
2013-04-26,4589.725415054898
2013-04-29,4626.46997071858
2013-04-30,4664.404027040644
2013-05-01,4650.158975251636
2013-05-02,4623.249335423936
2013-05-03,4655.850314203736
2013-05-06,4642.89598176967
2013-05-07,4684.753509159102
2013-05-08,4742.969592631987
2013-05-09,4711.85833686582
2013-05-10,4689.751013763812
2013-05-13,4702.50741760343
2013-05-14,4707.046282157376
2013-05-15,4714.918603566668
2013-05-16,4724.0860908010445
2013-05-17,4703.240229646905
2013-05-20,4746.20729710025
2013-05-21,4752.22151235538
2013-05-22,4749.273198253599
2013-05-23,4633.596755297475
2013-05-24,4633.564612161654
2013-05-27,4612.238908282747
2013-05-28,4630.3267549018465
2013-05-29,4618.849349302977
2013-05-30,4615.652424740087
2013-05-31,4559.932801498086
2013-06-03,4535.839418985416
2013-06-04,4571.044262686924
2013-06-05,4493.963030297709
2013-06-06,4474.470484610873
2013-06-07,4509.9445168189595
2013-06-10,4531.413837514044
2013-06-11,4522.088489494558
2013-06-12,4530.635409025425
2013-06-13,4496.67857281522
2013-06-14,4524.10100853241
2013-06-17,4572.5696307960625
2013-06-18,4571.656253779832
2013-06-19,4592.202128045024
2013-06-20,4383.138378958187
2013-06-21,4352.968528682328
2013-06-24,4281.001689116781
2013-06-25,4309.221559045398
2013-06-26,4347.374779452921
2013-06-27,4383.945215409682
2013-06-28,4389.13242730051
2013-07-01,4432.534314862517
2013-07-02,4439.770422911572
2013-07-03,4406.095365124357
2013-07-04,4457.887270435418
2013-07-05,4410.432778065874
2013-07-08,4440.0543081436
2013-07-09,4474.4472620636525
2013-07-10,4505.725888683897
2013-07-11,4589.586267155155
2013-07-12,4583.464930413482
2013-07-15,4592.73951445908
2013-07-16,4611.267407917533
2013-07-17,4615.003819756241
2013-07-18,4639.554761438601
2013-07-19,4647.301293577736
2013-07-22,4683.946906721853
2013-07-23,4688.4680454295185
2013-07-24,4700.179332887939
2013-07-25,4676.551188031112
2013-07-26,4662.184258616636
2013-07-29,4632.5080940378675
2013-07-30,4638.003554245347
2013-07-31,4622.6347030116085
2013-08-01,4666.377698974909
2013-08-02,4717.719306932555
2013-08-05,4702.623172332274
2013-08-06,4719.8309137479055
2013-08-07,4683.942788799502
2013-08-08,4719.914246605307
2013-08-09,4732.5549833705
2013-08-12,4719.963241870065
2013-08-13,4727.415553411728
2013-08-14,4759.228612951284
2013-08-15,4711.543015315329
2013-08-16,4734.3379851249765
2013-08-19,4717.83291166804
2013-08-20,4689.841169041565
2013-08-21,4648.365138154082
2013-08-22,4656.070193483337
2013-08-23,4705.175958754523
2013-08-26,4698.442511582518
2013-08-27,4651.095799726653
2013-08-28,4606.665556743666
2013-08-29,4601.542591840634
2013-08-30,4563.086917643871
2013-09-02,4621.482651999423
2013-09-03,4632.485861396181
2013-09-04,4659.00376922293
2013-09-05,4660.878964947237
2013-09-06,4692.224205454559
2013-09-09,4728.749291600162
2013-09-10,4777.876173225376
2013-09-11,4804.878155842302
2013-09-12,4804.95592643322
2013-09-13,4795.446591444473
2013-09-16,4852.720252228077
2013-09-17,4831.79570585528
2013-09-18,4860.3094517030295
2013-09-19,4948.319912523356
2013-09-20,4922.586314377552
2013-09-23,4913.370566931611
2013-09-24,4911.073378078354
2013-09-25,4913.297555293212
2013-09-26,4918.891215397214
2013-09-27,4929.635661585516
2013-09-30,4885.536074860789
2013-10-01,4905.663091846187
2013-10-02,4893.0825395777565
2013-10-03,4888.637335107784
2013-10-04,4880.409154920964
2013-10-07,4853.070669609149
2013-10-08,4835.312033105901
2013-10-09,4811.482040735587
2013-10-10,4868.503517342032
2013-10-11,4910.392357176202
2013-10-14,4923.885868115363
2013-10-15,4932.155845357417
2013-10-16,4936.191363269208
2013-10-17,5006.975187135416
2013-10-18,5046.187619363622
2013-10-21,5057.031084584233
2013-10-22,5101.020726498013
2013-10-23,5069.099550063204
2013-10-24,5092.036584024594
2013-10-25,5068.913812380546
2013-10-28,5078.390485807983
2013-10-29,5075.871255367052
2013-10-30,5089.26189943484
2013-10-31,5049.457962238639
2013-11-01,4999.682253111274
2013-11-04,5019.746972764738
2013-11-05,5006.534878531894
2013-11-06,5041.919130313353
2013-11-07,4992.767873435981
2013-11-08,4970.929084183893
2013-11-11,4997.738570458517
2013-11-12,4995.699821593099
2013-11-13,4968.669546767067
2013-11-14,5017.623587750746
2013-11-15,5051.301847521876
2013-11-18,5087.333910369919
2013-11-19,5058.341040208487
2013-11-20,5046.3956149182895
2013-11-21,5031.05660899235
2013-11-22,5048.238284251726
2013-11-25,5060.541079525603
2013-11-26,5046.076898749002
2013-11-27,5050.994256615391
2013-11-28,5078.7674779458
2013-11-29,5080.401658122489
2013-12-02,5047.553006279679
2013-12-03,5011.727877518284
2013-12-04,4960.594321281791
2013-12-05,4944.9655414111585
2013-12-06,4974.787225371116
2013-12-09,4997.386515905385
2013-12-10,4991.952575103646
2013-12-11,4965.004110643069
2013-12-12,4907.817338932059
2013-12-13,4899.066180455286
2013-12-16,4933.797172419312
2013-12-17,4913.245333565234
2013-12-18,4959.288168376574
2013-12-19,4996.60447568573
2013-12-20,5021.420929757178
2013-12-23,5062.721267444919
2013-12-24,5060.510209920822
2013-12-25,5061.037341145984
2013-12-26,5078.004313642613
2013-12-27,5134.423358173024
2013-12-30,5148.842938285814
2013-12-31,5156.939003536213
2014-01-01,5157.115104902503
2014-01-02,5104.403049628489
2014-01-03,5112.893550900827
2014-01-06,5095.200134601116
2014-01-07,5100.464139266199
2014-01-08,5118.521929111438
2014-01-09,5091.597052561491
2014-01-10,5136.48516215553
2014-01-13,5148.890563960774
2014-01-14,5125.858018774816
2014-01-15,5151.163440376935
2014-01-16,5153.897377287269
2014-01-17,5163.340254673878
2014-01-20,5161.955837554979
2014-01-21,5161.194641551156
2014-01-22,5171.921084516423
2014-01-23,5149.919382758036
2014-01-24,5059.4547045597965
2014-01-27,4998.361656401612
2014-01-28,5004.165249940858
2014-01-29,5013.596670077242
2014-01-30,4972.552162049847
2014-01-31,4948.767045347574
2014-02-03,4903.672139321775
2014-02-04,4845.240422821882
2014-02-05,4873.722320801707
2014-02-06,4939.597047657551
2014-02-07,4991.434482759339
2014-02-10,5015.269672891297
2014-02-11,5070.188095029551
2014-02-12,5093.888387035106
2014-02-13,5095.042275905902
2014-02-14,5114.023983244856
2014-02-17,5138.441842155064
2014-02-18,5175.810067987765
2014-02-19,5180.0321841224695
2014-02-20,5148.692448969576
2014-02-21,5186.0342373640115
2014-02-24,5206.2034678585105
2014-02-25,5222.158032920211
2014-02-26,5190.920389186892
2014-02-27,5185.694627716835
2014-02-28,5218.830327896862
2014-03-03,5129.028671888395
2014-03-04,5188.768171118932
2014-03-05,5199.895190566268
2014-03-06,5240.0458582605415
2014-03-07,5205.350741589885
2014-03-10,5178.270207097603
2014-03-11,5181.086898128374
2014-03-12,5136.331635896197
2014-03-13,5115.016158007152
2014-03-14,5058.210636743089
2014-03-17,5088.286360781281
2014-03-18,5121.758414749546
2014-03-19,5110.6042761250665
2014-03-20,5049.59009549955
2014-03-21,5062.8989754690765
2014-03-24,5045.011115330078
2014-03-25,5086.309458715755
2014-03-26,5122.448784830351
2014-03-27,5132.841123373963
2014-03-28,5163.066597646512
2014-03-31,5195.3952041719585
2014-04-01,5216.915439062811
2014-04-02,5225.731385192375
2014-04-03,5220.539028353297
2014-04-04,5242.267587380682
2014-04-07,5196.098129073352
2014-04-08,5201.662351593879
2014-04-09,5212.741263086535
2014-04-10,5213.578613467921
2014-04-11,5152.301757075294
2014-04-14,5146.111720958079
2014-04-15,5121.411630835603
2014-04-16,5181.196156946638
2014-04-17,5207.036349310449
2014-04-18,5212.437561416203
2014-04-21,5200.532095944136
2014-04-22,5239.742733028921
2014-04-23,5238.315411379097
2014-04-24,5242.5164770323345
2014-04-25,5225.808218100438
2014-04-28,5222.272303768274
2014-04-29,5258.199307095974
2014-04-30,5277.406150379706
2014-05-01,5294.594861037894
2014-05-02,5294.504966558408
2014-05-05,5289.130049264283
2014-05-06,5303.52034679248
2014-05-07,5275.146134620524
2014-05-08,5306.471745316316
2014-05-09,5273.8859297596655
2014-05-12,5294.77485440238
2014-05-13,5314.88049863197
2014-05-14,5327.7848971724425
2014-05-15,5300.989006963379
2014-05-16,5289.118457115301
2014-05-19,5280.314272899302
2014-05-20,5269.0428800643585
2014-05-21,5277.674543043884
2014-05-22,5302.707498137191
2014-05-23,5314.391645304101
2014-05-26,5351.0496278850605
2014-05-27,5344.259210743211
2014-05-28,5341.989443111735
2014-05-29,5356.667533411743
2014-05-30,5358.986184511047
2014-06-02,5369.261133125437
2014-06-03,5361.615620106474
2014-06-04,5363.17753592427
2014-06-05,5375.070002645716
2014-06-06,5407.083425952993
2014-06-09,5411.691917593488
2014-06-10,5409.817848089604
2014-06-11,5405.065264274316
2014-06-12,5411.916662508414
2014-06-13,5403.234056852648
2014-06-16,5396.294904917087
2014-06-17,5394.316571591965
2014-06-18,5407.199580849161
2014-06-19,5472.461414428339
2014-06-20,5453.383412961245
2014-06-23,5446.1824130723635
2014-06-24,5431.345554161139
2014-06-25,5402.908331649183
2014-06-26,5405.81263185705
2014-06-27,5417.621838719257
2014-06-30,5435.164951158506
2014-07-01,5469.734230242108
2014-07-02,5482.4748384973545
2014-07-03,5496.509890209495
2014-07-04,5491.872893951588
2014-07-07,5460.003359274247
2014-07-08,5417.327428352287
2014-07-09,5417.597976370258
2014-07-10,5365.5388386118475
2014-07-11,5366.8793167885715
2014-07-14,5410.496011697513
2014-07-15,5386.30806885187
2014-07-16,5428.533244518193
2014-07-17,5392.930118516926
2014-07-18,5388.342298227203
2014-07-21,5375.2625244852925
2014-07-22,5415.167316201124
2014-07-23,5426.328718312681
2014-07-24,5437.307161062695
2014-07-25,5414.689681402435
2014-07-28,5413.049629922313
2014-07-29,5414.325699131742
2014-07-30,5385.403278230913
2014-07-31,5338.338347503914
2014-08-01,5297.141674143608
2014-08-04,5281.583297128094
2014-08-05,5261.390105623841
2014-08-06,5229.906394856573
2014-08-07,5207.641363071703
2014-08-08,5175.32670244895
2014-08-11,5232.340665118322
2014-08-12,5228.840964882491
2014-08-13,5253.027902574927
2014-08-14,5273.210870795987
2014-08-15,5262.47371377355
2014-08-18,5297.421841594508
2014-08-19,5318.03556569218
2014-08-20,5309.464943397984
2014-08-21,5332.579313556256
2014-08-22,5304.181015548509
2014-08-25,5337.2694531705865
2014-08-26,5356.735360860713
2014-08-27,5367.545683304162
2014-08-28,5335.05916213112
2014-08-29,5342.59436854186
2014-09-01,5340.470187831476
2014-09-02,5336.3676874952935
2014-09-03,5376.394396866497
2014-09-04,5364.631731309011
2014-09-05,5344.981480264154
2014-09-08,5321.473484031885
2014-09-09,5289.269171176667
2014-09-10,5283.958167107065
2014-09-11,5285.59665802352
2014-09-12,5274.905545650756
2014-09-15,5265.755310020767
2014-09-16,5255.756854991311
2014-09-17,5266.89111457721
2014-09-18,5286.920853144215
2014-09-19,5274.231632163168
2014-09-22,5235.9826636503485
2014-09-23,5204.555492584254
2014-09-24,5203.9243087995965
2014-09-25,5169.288299172036
2014-09-26,5151.6224109080495
2014-09-29,5129.139809314279
2014-09-30,5123.159880058492
2014-10-01,5078.8644499403135
2014-10-02,5001.192030526939
2014-10-03,4979.539588257112
2014-10-06,5020.509268502291
2014-10-07,4992.123682209406
2014-10-08,4964.531794651037
2014-10-09,4959.553969883485
2014-10-10,4855.306564268341
2014-10-13,4871.865205413162
2014-10-14,4841.972910162197
2014-10-15,4781.805437174882
2014-10-16,4759.814220634339
2014-10-17,4824.713983240132
2014-10-20,4852.968804419812
2014-10-21,4899.874594723114
2014-10-22,4922.852350320944
2014-10-23,4932.508531538987
2014-10-24,4940.712560977876
2014-10-27,4944.523010987933
2014-10-28,4987.9214663011735
2014-10-29,5012.079402756725
2014-10-30,4990.235219939461
2014-10-31,5041.697797693521
2014-11-03,4980.422066373227
2014-11-04,4997.26646769256
2014-11-05,5018.336077591817
2014-11-06,5000.172268835719
2014-11-07,4994.59250092751
2014-11-10,5027.807290310048
2014-11-11,5037.728859233899
2014-11-12,5029.4965980250045
2014-11-13,5036.468613320438
2014-11-14,5040.681100721181
2014-11-17,5021.3196676680855
2014-11-18,5077.972745635729
2014-11-19,5064.205718327345
2014-11-20,5055.569776762214
2014-11-21,5100.213323245709
2014-11-24,5099.773476261449
2014-11-25,5126.616394379907
2014-11-26,5143.1436335668595
2014-11-27,5120.463314796235
2014-11-28,5103.688341123825
2014-12-01,5088.000092474338
2014-12-02,5087.720664715419
2014-12-03,5085.967954503332
2014-12-04,5073.201373797656
2014-12-05,5075.636227199195
2014-12-08,5045.187881597964
2014-12-09,5014.495722243169
2014-12-10,4966.211838587541
2014-12-11,4940.742234000941
2014-12-12,4883.50589002802
2014-12-15,4785.703732019097
2014-12-16,4848.560987894309
2014-12-17,4829.290848017224
2014-12-18,4902.354411691479
2014-12-19,4943.66466271197
2014-12-22,4961.339731150581
2014-12-23,4954.739418008927
2014-12-24,4970.202422756169
2014-12-25,4967.155503363126
2014-12-26,4969.323552655669
2014-12-29,4980.537253152957
2014-12-30,4941.52961797102
2014-12-31,4934.004669126501
2015-01-01,4934.061477845917
2015-01-02,4901.560474817189
2015-01-05,4795.660499241496
2015-01-06,4739.570375014088
2015-01-07,4715.128601479137
2015-01-08,4815.811297793143
2015-01-09,4800.83527299366
2015-01-12,4806.459476996554
2015-01-13,4832.967392564259
2015-01-14,4783.401594464679
2015-01-15,4826.598075910654
2015-01-16,4825.184506359531
2015-01-19,4871.9465234997715
2015-01-20,4885.830581392401
2015-01-21,4915.145076110869
2015-01-22,4924.06520713269
2015-01-23,4941.0472237870945
2015-01-26,4952.57555349025
2015-01-27,4993.455671238324
2015-01-28,4972.925539847166
2015-01-29,4943.083382871665
2015-01-30,4916.492163199168
2015-02-02,4948.034337175562
2015-02-03,4993.605772587716
2015-02-04,5021.522105159241
2015-02-05,5035.624592124601
2015-02-06,5010.763891990089
2015-02-09,4996.014324144833
2015-02-10,5003.052021943685
2015-02-11,4972.779114697727
2015-02-12,5043.768894451547
2015-02-13,5088.384972501777
2015-02-16,5093.509745538112
2015-02-17,5096.555797495294
2015-02-18,5127.341998598819
2015-02-19,5148.0082492615265
2015-02-20,5155.211177125118
2015-02-23,5173.526291322175
2015-02-24,5188.714649751738
2015-02-25,5205.3419238825445
2015-02-26,5196.695588627377
2015-02-27,5210.224549095941
2015-03-02,5193.237881064351
2015-03-03,5169.21634778522
2015-03-04,5147.636344616292
2015-03-05,5159.930338375411
2015-03-06,5109.459446460795
2015-03-09,5081.786998683868
2015-03-10,4996.0976733533325
2015-03-11,4996.535517731566
2015-03-12,5036.5817415177535
2015-03-13,5016.668359608575
2015-03-16,5064.948900711874
2015-03-17,5062.299480126093
2015-03-18,5099.298157506725
2015-03-19,5113.808623321667
2015-03-20,5213.944329260504
2015-03-23,5251.485333715373
2015-03-24,5255.735296084458
2015-03-25,5248.82287818836
2015-03-26,5184.928191720252
2015-03-27,5174.516085198191
2015-03-30,5177.483907526111
2015-03-31,5123.190761352881
2015-04-01,5131.584152656984
2015-04-02,5184.933560394862
2015-04-03,5191.273718175128
2015-04-06,5242.975009831958
2015-04-07,5257.270456420758
2015-04-08,5252.950660895095
2015-04-09,5259.626036697796
2015-04-10,5276.563113797523
2015-04-13,5258.142443208884
2015-04-14,5301.668218322688
2015-04-15,5293.146003884539
2015-04-16,5318.762920606672
2015-04-17,5278.087709154741
2015-04-20,5287.419713504949
2015-04-21,5316.874925584418
2015-04-22,5315.564617046083
2015-04-23,5339.050317802365
2015-04-24,5379.684448381993
2015-04-27,5421.872484540583
2015-04-28,5418.277151774824
2015-04-29,5392.14601384213
2015-04-30,5344.988526507408
2015-05-01,5333.0635341679
2015-05-04,5338.934942420182
2015-05-05,5303.4872895265835
2015-05-06,5329.362916302031
2015-05-07,5280.9359926218
2015-05-08,5367.960969951246
2015-05-11,5367.6932406601
2015-05-12,5359.8481009126235
2015-05-13,5399.922423263295
2015-05-14,5421.129477037405
2015-05-15,5440.478297182504
2015-05-18,5430.569634376776
2015-05-19,5400.656276945877
2015-05-20,5405.849450172072
2015-05-21,5437.498629120714
2015-05-22,5402.560429077484
2015-05-25,5404.861535186359
2015-05-26,5319.94124594492
2015-05-27,5343.4486593562
2015-05-28,5338.244874870854
2015-05-29,5298.595616691673
2015-06-01,5278.542213564863
2015-06-02,5314.887220686233
2015-06-03,5351.388700385392
2015-06-04,5312.834818750357
2015-06-05,5214.475773556678
2015-06-08,5203.85506719442
2015-06-09,5197.508147847001
2015-06-10,5289.641158455683
2015-06-11,5295.473513855784
2015-06-12,5280.084530206446
2015-06-15,5221.441152835164
2015-06-16,5227.258804245187
2015-06-17,5202.050361336449
2015-06-18,5261.689949892797
2015-06-19,5258.554563412779
2015-06-22,5365.378430815076
2015-06-23,5359.482292797459
2015-06-24,5342.737542915611
2015-06-25,5334.938909925906
2015-06-26,5303.870270492656
2015-06-29,5182.749538665723
2015-06-30,5147.969455867156
2015-07-01,5180.934748425826
2015-07-02,5184.4993509846845
2015-07-03,5165.440671786966
2015-07-06,5087.77068853256
2015-07-07,5014.7155291742065
2015-07-08,5007.621276032945
2015-07-09,5065.837906278825
2015-07-10,5161.778040870302
2015-07-13,5192.253225925871
2015-07-14,5233.392420063418
2015-07-15,5231.850238907753
2015-07-16,5272.644732457804
2015-07-17,5257.504862426269
2015-07-20,5261.73900896286
2015-07-21,5263.992443884576
2015-07-22,5202.978798459003
2015-07-23,5216.2334883091735
2015-07-24,5169.988087820624
2015-07-27,5130.588350150321
2015-07-28,5138.464020186302
2015-07-29,5182.140342273067
2015-07-30,5173.328340205008
2015-07-31,5229.580101002646
2015-08-03,5220.27412339909
2015-08-04,5219.468937798916
2015-08-05,5223.655276921885
2015-08-06,5213.519647157264
2015-08-07,5196.514300450245
2015-08-10,5240.40225218875
2015-08-11,5190.357998211155
2015-08-12,5134.056646362229
2015-08-13,5140.933125069632
2015-08-14,5131.129050985692
2015-08-17,5128.856290949333
2015-08-18,5114.674708232038
2015-08-19,5046.805353354549
2015-08-20,4998.238463380702
2015-08-21,4890.326565480826
2015-08-24,4724.489671138712
2015-08-25,4770.43150750039
2015-08-26,4756.288176834171
2015-08-27,4833.587314583138
2015-08-28,4879.685727559941
2015-08-31,4848.6405026000875
2015-09-01,4732.410739441966
2015-09-02,4719.692061312803
2015-09-03,4761.52801398521
2015-09-04,4670.774187406385
2015-09-07,4691.59643670326
2015-09-08,4728.423875260137
2015-09-09,4829.034628299285
2015-09-10,4776.874090735461
2015-09-11,4758.604142142959
2015-09-14,4738.814370326784
2015-09-15,4751.320367392793
2015-09-16,4831.598992740249
2015-09-17,4841.380678615071
2015-09-18,4793.383869244527
2015-09-21,4754.407943255949
2015-09-22,4640.217476430978
2015-09-23,4626.786873447805
2015-09-24,4585.312267571815
2015-09-25,4642.058725705139
2015-09-28,4579.065975903862
2015-09-29,4505.472845878515
2015-09-30,4603.874251116835
2015-10-01,4634.106839190853
2015-10-02,4672.7255922017375
2015-10-05,4766.946525962913
2015-10-06,4816.636065252774
2015-10-07,4850.262831300997
2015-10-08,4863.548951562534
2015-10-09,4930.101327907083
2015-10-12,4928.93266236246
2015-10-13,4882.198659663797
2015-10-14,4857.6433130069345
2015-10-15,4916.338930580682
2015-10-16,4940.225354103331
2015-10-19,4913.922527735101
2015-10-20,4908.322017652035
2015-10-21,4918.803937882629
2015-10-22,4927.2382979985605
2015-10-23,4973.884152174792
2015-10-26,4975.015275888393
2015-10-27,4930.9741959530575
2015-10-28,4971.15537814278
2015-10-29,4924.645612879549
2015-10-30,4950.253414179637
2015-11-02,4931.716576501141
2015-11-03,4928.500016687751
2015-11-04,4926.576804175057
2015-11-05,4916.031630762249
2015-11-06,4874.58633892315
2015-11-09,4853.594816149982
2015-11-10,4835.64480662555
2015-11-11,4870.075465344479
2015-11-12,4826.854888371708
2015-11-13,4781.941639396713
2015-11-16,4774.387281231124
2015-11-17,4844.567957962633
2015-11-18,4841.080516806715
2015-11-19,4914.256334807456
2015-11-20,4904.60712268336
2015-11-23,4874.009265798333
2015-11-24,4850.54015280596
2015-11-25,4866.477761510968
2015-11-26,4909.147078873006
2015-11-27,4879.724749021573
2015-11-30,4871.473962351285
2015-12-01,4908.400835752994
2015-12-02,4889.358176556987
2015-12-03,4864.808124842534
2015-12-04,4844.045792052616
2015-12-07,4838.483954153718
2015-12-08,4769.752692567478
2015-12-09,4780.076585401428
2015-12-10,4761.255149102085
2015-12-11,4712.4129235699065
2015-12-14,4646.096262968482
2015-12-15,4674.634159350001
2015-12-16,4729.076109531864
2015-12-17,4738.669379655256
2015-12-18,4706.90345749163
2015-12-21,4693.614064742354
2015-12-22,4713.4938241691625
2015-12-23,4776.742983847447
2015-12-24,4805.409429751861
2015-12-25,4800.539486374876
2015-12-28,4796.197481086558
2015-12-29,4831.223323381759
2015-12-30,4816.735155755966
2015-12-31,4784.102691737904
2016-01-01,4784.102691737904
2016-01-04,4665.611778558814
2016-01-05,4651.1234852840325
2016-01-06,4599.575781399477
2016-01-07,4522.184933227067
2016-01-08,4489.549714301359
2016-01-11,4460.333100408917
2016-01-12,4440.890057597643
2016-01-13,4483.141229596469
2016-01-14,4413.389085675949
2016-01-15,4355.535896562814
2016-01-18,4307.134556102576
2016-01-19,4353.3619618980065
2016-01-20,4224.170835829287
2016-01-21,4237.7625596751595
2016-01-22,4380.56348075622
2016-01-25,4371.942218121949
2016-01-26,4384.356502986169
2016-01-27,4425.763084730269
2016-01-28,4404.657381793879
2016-01-29,4454.778819455339
2016-02-01,4487.116771926144
2016-02-02,4417.22863034182
2016-02-03,4399.773189063582
2016-02-04,4444.984621778105
2016-02-05,4395.359301502053
2016-02-08,4313.341896977749
2016-02-09,4250.072139541924
2016-02-10,4236.846459728275
2016-02-11,4189.620856372351
2016-02-12,4192.506453978202
2016-02-15,4314.554452238943
2016-02-16,4321.175935826402
2016-02-17,4386.153487558763
2016-02-18,4414.570240842297
2016-02-19,4377.337473220934
2016-02-22,4423.865547130166
2016-02-23,4383.642146054941
2016-02-24,4313.554688955504
2016-02-25,4376.998640634333
2016-02-26,4390.417251376073
2016-02-29,4392.55582998479
2016-03-01,4436.081535950776
2016-03-02,4497.260329544914
2016-03-03,4546.311299493015
2016-03-04,4593.56032062625
2016-03-07,4584.848158271028
2016-03-08,4564.351272903096
2016-03-09,4565.824060932095
2016-03-10,4558.260560342838
2016-03-11,4650.776590215627
2016-03-14,4668.941094374097
2016-03-15,4625.970551836742
2016-03-16,4603.890657236868
2016-03-17,4711.726143944902
2016-03-18,4700.392057530408
2016-03-21,4681.111516229958
2016-03-22,4684.342201308212
2016-03-23,4644.939238142141
2016-03-24,4583.920943132627
2016-03-25,4594.374189257664
2016-03-28,4618.624594826052
2016-03-29,4623.278792120928
2016-03-30,4712.977851989057
2016-03-31,4690.7713624412345
2016-04-01,4592.434531699939
2016-04-04,4618.871678368992
2016-04-05,4532.757170472631
2016-04-06,4563.298781143669
2016-04-07,4565.990923729684
2016-04-08,4621.4392852135525
2016-04-11,4642.639965077231
2016-04-12,4662.874420661429
2016-04-13,4745.791766021777
2016-04-14,4787.468446070071
2016-04-15,4783.304666579872
2016-04-18,4773.052336809487
2016-04-19,4875.917863334536
2016-04-20,4884.841953826154
2016-04-21,4887.4032637196815
2016-04-22,4855.540245628419
2016-04-25,4844.070266688207
2016-04-26,4852.041698884361
2016-04-27,4844.764117419027
2016-04-28,4851.592147326335
2016-04-29,4841.596312941401
2016-05-02,4823.041020076942
2016-05-03,4766.9971177547295
2016-05-04,4705.978978174453
2016-05-05,4691.882568446373
2016-05-06,4685.718229988288
2016-05-09,4678.279451224203
2016-05-10,4729.956517252879
2016-05-11,4733.402924961658
2016-05-12,4714.278259272589
2016-05-13,4674.452304197011
2016-05-16,4697.043181600313
2016-05-17,4715.739344261509
2016-05-18,4711.519072118214
2016-05-19,4645.090767420916
2016-05-20,4687.676025485648
2016-05-23,4674.646316254089
2016-05-24,4713.4499058728625
2016-05-25,4768.175626961738
2016-05-26,4793.871136937126
2016-05-27,4791.880493624773
2016-05-30,4797.514006859589
2016-05-31,4786.87400547325
2016-06-01,4765.839418565639
2016-06-02,4751.172657966145
2016-06-03,4805.137825684261
2016-06-06,4826.807215281859
2016-06-07,4873.370046006897
2016-06-08,4885.7293955773985
2016-06-09,4826.351342028119
2016-06-10,4729.447630205029
2016-06-13,4645.957486907296
2016-06-14,4551.259401432363
2016-06-15,4585.78988850942
2016-06-16,4526.22065239585
2016-06-17,4602.228832925374
2016-06-20,4760.63828239184
2016-06-21,4775.959974834476
2016-06-22,4782.262629535523
2016-06-23,4856.102296159798
2016-06-24,4528.18521813285
2016-06-27,4393.865065048222
2016-06-28,4468.559347408743
2016-06-29,4600.894572145336
2016-06-30,4641.386368431928
2016-07-01,4676.437509509673
2016-07-04,4680.914960473642
2016-07-05,4622.332165747654
2016-07-06,4551.996398199007
2016-07-07,4578.221609970144
2016-07-08,4600.747795666199
2016-07-11,4673.9337294255165
2016-07-12,4727.852619853164
2016-07-13,4753.563410298083
2016-07-14,4778.946234847114
2016-07-15,4766.686899776381
2016-07-18,4773.1826769257095
2016-07-19,4747.4795133074385
2016-07-20,4775.15905114122
2016-07-21,4784.835747147884
2016-07-22,4763.495056826212
2016-07-25,4763.163304486291
2016-07-26,4774.525422750941
2016-07-27,4787.0911833877135
2016-07-28,4782.987373368747
2016-07-29,4869.704823875353
2016-08-01,4849.811253990411
2016-08-02,4818.128220965268
2016-08-03,4772.76196133166
2016-08-04,4802.028603899024
2016-08-05,4806.645284952886
2016-08-08,4835.637841913947
2016-08-09,4891.691901790017
2016-08-10,4905.368388615821
2016-08-11,4934.669502864437
2016-08-12,4942.758110610914
2016-08-15,4945.187745454209
2016-08-16,4926.747717077942
2016-08-17,4921.210526749625
2016-08-18,4942.278475768469
2016-08-19,4917.60818212203
2016-08-22,4925.247616385491
2016-08-23,4952.701449981763
2016-08-24,4940.4260044195535
2016-08-25,4922.783721180358
2016-08-26,4925.59996013059
2016-08-29,4885.791428192119
2016-08-30,4886.684869242465
2016-08-31,4874.203055804585
2016-09-01,4901.40899948586
2016-09-02,4947.579350850334
2016-09-05,4967.204146250158
2016-09-06,5005.33029946902
2016-09-07,5017.207812994646
2016-09-08,5013.460127980298
2016-09-09,4934.7029873618585
2016-09-12,4886.732163137389
2016-09-13,4845.868220511236
2016-09-14,4833.180409870139
2016-09-15,4848.584722798137
2016-09-16,4814.967240389419
2016-09-19,4861.377775344956
2016-09-20,4860.927829925469
2016-09-21,4913.657319951279
2016-09-22,4998.961348959701
2016-09-23,4962.949272072037
2016-09-26,4919.505441673137
2016-09-27,4911.297462228158
2016-09-28,4922.019749774594
2016-09-29,4948.615876487231
2016-09-30,4933.53912625721
2016-10-03,4936.309886279246
2016-10-04,4936.365237647889
2016-10-05,4929.537321303802
2016-10-06,4911.002842830673
2016-10-07,4892.352656430294
2016-10-10,4908.6309842568435
2016-10-11,4865.1065387480385
2016-10-12,4824.1723082051785
2016-10-13,4805.237716000853
2016-10-14,4833.643368665724
2016-10-17,4813.375829829259
2016-10-18,4862.94040638977
2016-10-19,4886.911856123939
2016-10-20,4879.9612542550485
2016-10-21,4859.268188671709
2016-10-24,4859.9527352516225
2016-10-25,4852.885490801138
2016-10-26,4856.736353930758
2016-10-27,4843.42142206364
2016-10-28,4838.4514162414935
2016-10-31,4837.650202883316
2016-11-01,4836.91483099549
2016-11-02,4806.822409560159
2016-11-03,4798.226166350566
2016-11-04,4760.7156819744405
2016-11-07,4788.273981043891
2016-11-08,4804.570014892609
2016-11-09,4759.709981968961
2016-11-10,4786.2981301364425
2016-11-11,4765.382855694525
2016-11-14,4733.185763815923
2016-11-15,4747.27413278044
2016-11-16,4733.988726293927
2016-11-17,4759.597317260606
2016-11-18,4708.726905258952
2016-11-21,4747.330011534609
2016-11-22,4750.119409918784
2016-11-23,4720.793934139435
2016-11-24,4746.725422749477
2016-11-25,4770.6370914724175
2016-11-28,4755.16606147077
2016-11-29,4762.861336736369
2016-11-30,4760.113646924657
2016-12-01,4766.015858880878
2016-12-02,4766.480533425369
2016-12-05,4786.358793342889
2016-12-06,4828.8484571374365
2016-12-07,4886.152066426081
2016-12-08,4895.321679342615
2016-12-09,4905.217507668435
2016-12-12,4915.6243228778385
2016-12-13,4963.737813685725
2016-12-14,4952.766585273656
2016-12-15,4860.240462910323
2016-12-16,4873.490187465463
2016-12-19,4888.903775448723
2016-12-20,4880.088105867738
2016-12-21,4889.356297186824
2016-12-22,4888.648725015751
2016-12-23,4887.200720434221
2016-12-26,4882.516604038364
2016-12-27,4880.10452761826
2016-12-28,4873.665415762461
2016-12-29,4893.976492549535
2016-12-30,4915.588388461014
2017-01-02,4928.767192766365
2017-01-03,4900.219244586747
2017-01-04,4965.833036221203
2017-01-05,5030.910228224321
2017-01-06,5007.988653205611
2017-01-09,4990.424003621132
2017-01-10,5008.671935932661
2017-01-11,4978.395185651824
2017-01-12,5030.891759834157
2017-01-13,5048.927039919998
2017-01-16,5017.518326318348
2017-01-17,5034.097277566008
2017-01-18,5039.486777133353
2017-01-19,4998.0929594570525
2017-01-20,5021.879136773773
2017-01-23,5031.691571743285
2017-01-24,5045.5236975579
2017-01-25,5092.486398407753
2017-01-26,5085.54229766578
2017-01-27,5089.020921048139
2017-01-30,5055.63465229535
2017-01-31,5061.874757526779
2017-02-01,5066.537521051689
2017-02-02,5074.359820806265
2017-02-03,5091.506006173708
2017-02-06,5056.0733039924335
2017-02-07,5048.183556122314
2017-02-08,5077.094692449875
2017-02-09,5071.168216743077
2017-02-10,5095.1248544322525
2017-02-13,5116.837853674025
2017-02-14,5087.814672342014
2017-02-15,5119.544471238347
2017-02-16,5151.565465477066
2017-02-17,5137.581830987768
2017-02-20,5139.943400131738
2017-02-21,5137.059555689259
2017-02-22,5142.487603797071
2017-02-23,5165.501990564864
2017-02-24,5122.040530449535
2017-02-27,5118.469939763209
2017-02-28,5120.276310101617
2017-03-01,5141.900193570873
2017-03-02,5138.010157345894
2017-03-03,5135.423200926988
2017-03-06,5138.10315148425
2017-03-07,5124.9040044610965
2017-03-08,5102.834801607245
2017-03-09,5106.738633528065
2017-03-10,5150.496098180812
2017-03-13,5174.577208318181
2017-03-14,5150.480599365154
2017-03-15,5163.852293818966
2017-03-16,5247.725215957802
2017-03-17,5250.043993675431
2017-03-20,5249.587701499328
2017-03-21,5249.832412021847
2017-03-22,5208.878487618925
2017-03-23,5234.04093149792
2017-03-24,5245.780956095049
2017-03-27,5248.045021300063
2017-03-28,5289.266635934165
2017-03-29,5273.346138129951
2017-03-30,5276.3029897422175
2017-03-31,5250.257784623461
2017-04-03,5231.224546097365
2017-04-04,5233.750554110055
2017-04-05,5231.041464090042
2017-04-06,5221.021581996553
2017-04-07,5220.223096594198
2017-04-10,5225.0237775229
2017-04-11,5243.1842480096875
2017-04-12,5239.0679453716875
2017-04-13,5221.462799519379
2017-04-14,5215.508593696425
2017-04-17,5247.132749568155
2017-04-18,5207.110469711667
2017-04-19,5204.101408083465
2017-04-20,5229.012406531007
2017-04-21,5220.842716763328
2017-04-24,5346.622513602079
2017-04-25,5372.447191039635
2017-04-26,5379.0796819984125
2017-04-27,5365.4335155480585
2017-04-28,5361.880267585124
2017-05-01,5376.13947033056
2017-05-02,5397.981788130281
2017-05-03,5390.458299103518
2017-05-04,5412.760169582427
2017-05-05,5451.53785029823
2017-05-08,5460.894410140339
2017-05-09,5442.0853692171195
2017-05-10,5451.81859489841
2017-05-11,5440.010323149772
2017-05-12,5464.733084171332
2017-05-15,5489.713494491432
2017-05-16,5531.443213336322
2017-05-17,5509.521261197505
2017-05-18,5472.115813092952
2017-05-19,5517.242279553701
2017-05-22,5549.313798896837
2017-05-23,5548.190940275659
2017-05-24,5535.438456988412
2017-05-25,5548.658243063214
2017-05-26,5529.706141298465
2017-05-29,5526.585934639701
2017-05-30,5524.178727305768
2017-05-31,5540.639246465875
2017-06-01,5559.293470511539
2017-06-02,5616.007178626089
2017-06-05,5603.1046260268995
2017-06-06,5586.57359239757
2017-06-07,5581.458505341671
2017-06-08,5559.4704974123915
2017-06-09,5559.887522961976
2017-06-12,5538.8269892432745
2017-06-13,5571.733374863317
2017-06-14,5593.445164664823
2017-06-15,5513.148100798943
2017-06-16,5558.9954303970735
2017-06-19,5586.980544164673
2017-06-20,5542.74709698221
2017-06-21,5528.836700234409
2017-06-22,5542.359328267951
2017-06-23,5552.806646311719
2017-06-26,5567.878332697872
2017-06-27,5565.018270829121
2017-06-28,5595.710665883829
2017-06-29,5580.895232880677
2017-06-30,5545.861101415886
2017-07-03,5557.662995229664
2017-07-04,5545.836196825394
2017-07-05,5546.575803340611
2017-07-06,5544.690803455233
2017-07-07,5522.088960713535
2017-07-10,5542.135087245528
2017-07-11,5536.416905846097
2017-07-12,5600.475833254708
2017-07-13,5614.392557238976
2017-07-14,5655.8270440952565
2017-07-17,5660.232090423515
2017-07-18,5662.605986896437
2017-07-19,5680.892482670342
2017-07-20,5715.146493043249
2017-07-21,5685.9832076516595
2017-07-24,5664.8919158136205
2017-07-25,5681.831974605635
2017-07-26,5689.772894028384
2017-07-27,5710.829886801596
2017-07-28,5699.501176169447
2017-07-31,5710.93015162777
2017-08-01,5757.454609347815
2017-08-02,5755.372547213007
2017-08-03,5763.130735667634
2017-08-04,5741.309613016431
2017-08-07,5756.397668643724
2017-08-08,5741.489016864867
2017-08-09,5711.479767130299
2017-08-10,5683.429530486916
2017-08-11,5654.172491071838
2017-08-14,5678.284603256744
2017-08-15,5659.799670752773
2017-08-16,5682.559786105407
2017-08-17,5684.507083863658
2017-08-18,5658.137349118694
2017-08-21,5662.001326389519
2017-08-22,5673.190698845556
2017-08-23,5678.096591215401
2017-08-24,5675.121606715202
2017-08-25,5697.693288323719
2017-08-28,5706.606695874414
2017-08-29,5692.184586984557
2017-08-30,5671.365766189914
2017-08-31,5709.60203387709
2017-09-01,5735.887611784488
2017-09-04,5718.654648909805
2017-09-05,5719.607014274917
2017-09-06,5727.447042929117
2017-09-07,5770.03994407601
2017-09-08,5781.661647197139
2017-09-11,5816.874033676601
2017-09-12,5832.985694622412
2017-09-13,5817.003239006547
2017-09-14,5802.566971249535
2017-09-15,5817.838047821926
2017-09-18,5825.035170351857
2017-09-19,5855.811529265156
2017-09-20,5869.650026088279
2017-09-21,5835.698431742664
2017-09-22,5859.7772856090705
2017-09-25,5840.803467091671
2017-09-26,5799.102136314199
2017-09-27,5807.063999960057
2017-09-28,5830.257508884541
2017-09-29,5857.668866941749
2017-10-02,5853.914763277483
2017-10-03,5872.012751572759
2017-10-04,5871.2295888651415
2017-10-05,5861.878219074022
2017-10-06,5856.142046500717
2017-10-09,5866.304343468811
2017-10-10,5907.785202456084
2017-10-11,5914.014872918925
2017-10-12,5923.1809796205625
2017-10-13,5948.1703364339755
2017-10-16,5947.498318713884
2017-10-17,5923.658552558533
2017-10-18,5939.508088978881
2017-10-19,5955.7375449317815
2017-10-20,5928.892491178147
2017-10-23,5924.574217250817
2017-10-24,5920.411369031339
2017-10-25,5904.509547129544
2017-10-26,5906.78930705371
2017-10-27,5902.881633837874
2017-10-30,5931.730809855357
2017-10-31,5937.674133276962
2017-11-01,5956.479464460415
2017-11-02,5971.688596071176
2017-11-03,5959.275252210385
2017-11-06,5957.315997485572
2017-11-07,5960.313008155785
2017-11-08,5975.664746729966
2017-11-09,5950.706488294314
2017-11-10,5942.3187165051
2017-11-13,5903.508750676895
2017-11-14,5896.724663216447
2017-11-15,5866.1386142267875
2017-11-16,5903.052583641558
2017-11-17,5903.324579900694
2017-11-20,5910.0536698130645
2017-11-21,5935.919365548908
2017-11-22,5962.935745570323
2017-11-23,5986.9095096767805
2017-11-24,6013.117075711274
2017-11-27,5990.730851016825
2017-11-28,5983.951410492894
2017-11-29,5986.687337114888
2017-11-30,5997.727193986824
2017-12-01,5958.702859495828
2017-12-04,5976.424552234188
2017-12-05,5964.237564915066
2017-12-06,5927.97688331974
2017-12-07,5939.138802515054
2017-12-08,5961.146194148146
2017-12-11,5987.970234195635
2017-12-12,5991.1094488946965
2017-12-13,6001.997072682789
2017-12-14,5989.771745807117
2017-12-15,5968.2944989636535
2017-12-18,6051.344529196309
2017-12-19,6026.147440269241
2017-12-20,6027.457183543937
2017-12-21,6047.106327393985
2017-12-22,6042.477371373288
2017-12-25,6044.975306221827
2017-12-26,6049.81613359905
2017-12-27,6072.24120609562
2017-12-28,6082.994938546469
2017-12-29,6105.4970473938365
2018-01-01,6105.658170268951
2018-01-02,6121.875882403078
2018-01-03,6132.635407073674
2018-01-04,6218.468005255668
2018-01-05,6254.196287434672
2018-01-08,6246.677455922269
2018-01-09,6262.03707982641
2018-01-10,6277.470922344108
2018-01-11,6279.7428272857105
2018-01-12,6316.764838929436
2018-01-15,6378.281688285581
2018-01-16,6372.793121099775
2018-01-17,6368.52995496164
2018-01-18,6360.52888081247
2018-01-19,6392.353535923305
2018-01-22,6414.540727966216
2018-01-23,6457.723110329482
2018-01-24,6478.864164630654
2018-01-25,6487.639720595605
2018-01-26,6481.016575059577
2018-01-29,6440.567243852588
2018-01-30,6400.43386127109
2018-01-31,6389.960377387269
2018-02-01,6391.135037394848
2018-02-02,6295.341854028655
2018-02-05,6183.330729048111
2018-02-06,6000.453870747198
2018-02-07,6057.764850958689
2018-02-08,5992.091531062237
2018-02-09,5908.349982840214
2018-02-12,5966.515236051393
2018-02-13,5975.367278521883
2018-02-14,6034.763607496346
2018-02-15,6109.440887695025
2018-02-16,6156.591572523996
2018-02-19,6142.658245736966
2018-02-20,6125.992897574287
2018-02-21,6118.718835500887
2018-02-22,6107.688578928326
2018-02-23,6133.966431490918
2018-02-26,6165.982028780511
2018-02-27,6147.3578006631815
2018-02-28,6086.405418735291
2018-03-01,6005.1048591983745
2018-03-02,5955.690435993026
2018-03-05,5975.850479969446
2018-03-06,6030.641361893517
2018-03-07,6019.935144137773
2018-03-08,6049.3561817121235
2018-03-09,6066.188076450436
2018-03-12,6110.875013442191
2018-03-13,6100.93010971901
2018-03-14,6080.063531423982
2018-03-15,6083.003514185008
2018-03-16,6072.585126596499
2018-03-19,6033.209851221668
2018-03-20,6023.441776314118
2018-03-21,6025.798688149091
2018-03-22,5994.801017833683
2018-03-23,5919.83144824514
2018-03-26,5921.239406392642
2018-03-27,5979.726611613054
2018-03-28,5962.876772980838
2018-03-29,5971.64249093489
2018-03-30,5981.053914551971
2018-04-02,5974.74102848327
2018-04-03,5942.073777958232
2018-04-04,5931.686908162774
2018-04-05,6010.189381082334
2018-04-06,6006.262420806605
2018-04-09,6039.562399509532
2018-04-10,6098.91463970865
2018-04-11,6092.754420408117
2018-04-12,6082.344977490275
2018-04-13,6096.567302214722
2018-04-16,6104.2178297065375
2018-04-17,6125.972875248747
2018-04-18,6170.559353723513
2018-04-19,6166.69466741425
2018-04-20,6126.922862169801
2018-04-23,6109.814925702241
2018-04-24,6116.593744004263
2018-04-25,6071.385843364674
2018-04-26,6094.030868555521
2018-04-27,6114.954952388188
2018-04-30,6118.377624544653
2018-05-01,6077.3365337768655
2018-05-02,6088.784904911942
2018-05-03,6072.789739410468
2018-05-04,6091.42919952601
2018-05-07,6113.58193352634
2018-05-08,6102.022834119989
2018-05-09,6123.6502917989865
2018-05-10,6144.851222843553
2018-05-11,6193.465486130916
2018-05-14,6218.680294777525
2018-05-15,6165.979185245992
2018-05-16,6151.143048370425
2018-05-17,6178.709084581613
2018-05-18,6169.531091250566
2018-05-21,6175.919081860049
2018-05-22,6193.940079041618
2018-05-23,6121.230901475831
2018-05-24,6103.064077511914
2018-05-25,6075.111296721559
2018-05-28,6050.360141212768
2018-05-29,5981.093477418192
2018-05-30,5992.279545968952
2018-05-31,6002.337267364827
2018-06-01,6019.545441404954
2018-06-04,6069.548535566574
2018-06-05,6043.8016187366065
2018-06-06,6088.506333396139
2018-06-07,6105.44921516034
2018-06-08,6077.055738936335
2018-06-11,6114.387422120269
2018-06-12,6104.0942325159795
2018-06-13,6104.8001085477235
2018-06-14,6093.466636036375
2018-06-15,6044.801480092549
2018-06-18,6002.059151681257
2018-06-19,5936.938499757973
2018-06-20,5965.0061107720685
2018-06-21,5942.129671357017
2018-06-22,5990.388854543984
2018-06-25,5908.725344928593
2018-06-26,5908.492362111984
2018-06-27,5903.837898874314
2018-06-28,5873.831329470931
2018-06-29,5936.474111714403
2018-07-02,5856.04362721589
2018-07-03,5900.748639325798
2018-07-04,5901.732418707671
2018-07-05,5924.303391068047
2018-07-06,5971.652991609006
2018-07-09,6015.1195336530845
2018-07-10,6018.024228141175
2018-07-11,5950.124466128311
2018-07-12,5966.23532407261
2018-07-13,5984.704050670028
2018-07-16,5983.3265470543365
2018-07-17,5982.230663025074
2018-07-18,5993.6284557959625
2018-07-19,5975.922353073387
2018-07-20,6017.00177971213
2018-07-23,6003.86961285103
2018-07-24,6048.496405336637
2018-07-25,6038.905891627486
2018-07-26,6068.659929850208
2018-07-27,6092.8886696304335
2018-07-30,6094.48306339565
2018-07-31,6082.334857689635
2018-08-01,6064.463372090332
2018-08-02,6000.50283357384
2018-08-03,6016.5605974783375
2018-08-06,5996.865434241511
2018-08-07,6037.207851593823
2018-08-08,6035.864033841358
2018-08-09,6035.118391205167
2018-08-10,5928.991115001078
2018-08-13,5878.308381533381
2018-08-14,5890.674211635343
2018-08-15,5811.5305753448765
2018-08-16,5849.87913518995
2018-08-17,5870.326356931456
2018-08-20,5899.622278094632
2018-08-21,5925.120965648279
2018-08-22,5958.012483367435
2018-08-23,5927.72486542602
2018-08-24,5955.180023578216
2018-08-27,6014.337607824939
2018-08-28,6030.883339063613
2018-08-29,6035.945740712773
2018-08-30,6013.516366971408
2018-08-31,5967.321323846927
2018-09-03,5952.56343593702
2018-09-04,5892.51948862828
2018-09-05,5851.630847265852
2018-09-06,5826.367785813564
2018-09-07,5802.720704688755
2018-09-10,5819.576578448583
2018-09-11,5820.810268958178
2018-09-12,5852.453580940586
2018-09-13,5874.616366732286
2018-09-14,5899.055954146574
2018-09-17,5914.109200255045
2018-09-18,5947.616370021143
2018-09-19,5978.1257821883755
2018-09-20,6031.374049474472
2018-09-21,6068.09302737474
2018-09-24,6051.382232850497
2018-09-25,6070.518484148651
2018-09-26,6078.001970146139
2018-09-27,6047.4749832008665
2018-09-28,6014.005641022158
2018-10-01,6010.638095925264
2018-10-02,5981.970126526522
2018-10-03,5973.649482218414
2018-10-04,5927.165074675504
2018-10-05,5882.569131624818
2018-10-08,5833.870275628277
2018-10-09,5812.151102953087
2018-10-10,5772.681331810926
2018-10-11,5645.539378607287
2018-10-12,5648.214004132353
2018-10-15,5641.409373891344
2018-10-16,5703.459477701333
2018-10-17,5695.658400921505
2018-10-18,5651.985972663596
2018-10-19,5643.275970434207
2018-10-22,5617.985219620394
2018-10-23,5526.015500328856
2018-10-24,5485.391031441881
2018-10-25,5446.050997239864
2018-10-26,5426.466599447685
2018-10-29,5442.2180203074
2018-10-30,5458.036171594901
2018-10-31,5536.105452266988
2018-11-01,5571.735812011312
2018-11-02,5601.551231344974
2018-11-05,5585.162873039272
2018-11-06,5600.573209896376
2018-11-07,5651.525109233427
2018-11-08,5666.416806083826
2018-11-09,5615.032344722548
2018-11-12,5551.566291358299
2018-11-13,5549.921181099377
2018-11-14,5537.198901763742
2018-11-15,5521.66285288713
2018-11-16,5540.888869183891
2018-11-19,5537.495397284305
2018-11-20,5462.461156406789
2018-11-21,5488.47589030037
2018-11-22,5484.755149926227
2018-11-23,5477.712727790433
2018-11-26,5511.997674942363
2018-11-27,5495.0075103935515
2018-11-28,5502.207115953775
2018-11-29,5559.707139584872
2018-11-30,5531.113360330952
2018-12-03,5610.233339150642
2018-12-04,5553.532162052669
2018-12-05,5493.551596540912
2018-12-06,5375.2159964464745
2018-12-07,5403.07985583413
2018-12-10,5297.663071713031
2018-12-11,5315.563662074504
2018-12-12,5420.302425988543
2018-12-13,5414.443334354733
2018-12-14,5351.349476277318
2018-12-17,5330.920118728923
2018-12-18,5286.216519648972
2018-12-19,5305.725257733957
2018-12-20,5223.054453269707
2018-12-21,5193.94066058554
2018-12-24,5180.473105734051
2018-12-25,5124.669088866005
2018-12-26,5135.040550689504
2018-12-27,5150.315841261809
2018-12-28,5221.747677882056
2018-12-31,5245.233487293272
2019-01-01,5245.416558700951
2019-01-02,5216.110996545448
2019-01-03,5218.788221794918
2019-01-04,5304.424378425163
2019-01-07,5354.189196332859
2019-01-08,5385.284696090966
2019-01-09,5458.328917056218
2019-01-10,5468.606420164225
2019-01-11,5466.019137440718
2019-01-14,5448.3726648288775
2019-01-15,5467.9889386926525
2019-01-16,5467.5836741591165
2019-01-17,5466.428106886102
2019-01-18,5533.914302971985
2019-01-21,5534.437747188014
2019-01-22,5502.31812377863
2019-01-23,5494.293395987127
2019-01-24,5503.073628469292
2019-01-25,5559.2122087233265
2019-01-28,5536.224384710482
2019-01-29,5554.002274767144
2019-01-30,5570.0982956276575
2019-01-31,5619.523271250569
2019-02-01,5616.355235937602
2019-02-04,5614.310042083985
2019-02-05,5669.312179092183
2019-02-06,5659.3853290538345
2019-02-07,5596.175525303355
2019-02-08,5543.315601704947
2019-02-11,5543.958103439447
2019-02-12,5596.0069331462255
2019-02-13,5626.019176657159
2019-02-14,5615.054111331808
2019-02-15,5653.120635916037
2019-02-18,5697.191388423493
2019-02-19,5707.459793928859
2019-02-20,5748.1329552742145
2019-02-21,5740.250129238181
2019-02-22,5747.006020615504
2019-02-25,5770.526545565332
2019-02-26,5778.175023559378
2019-02-27,5780.80301011835
2019-02-28,5763.931216459101
2019-03-01,5777.5254543211295
2019-03-04,5775.419854682345
2019-03-05,5765.867088521174
2019-03-06,5764.675938495854
2019-03-07,5720.475705140136
2019-03-08,5665.2348061427365
2019-03-11,5699.608189582984
2019-03-12,5735.544928693011
2019-03-13,5760.140176547931
2019-03-14,5774.692963097159
2019-03-15,5819.469810949487
2019-03-18,5850.781373249609
2019-03-19,5871.962225337098
2019-03-20,5838.963391470969
2019-03-21,5850.484990776197
2019-03-22,5795.933894760565
2019-03-25,5748.8587174443965
2019-03-26,5794.067500931164
2019-03-27,5788.692935545943
2019-03-28,5763.557022180721
2019-03-29,5793.29197085258
2019-04-01,5858.087155860641
2019-04-02,5858.444709198095
2019-04-03,5918.422287574879
2019-04-04,5901.42535716769
2019-04-05,5908.656048767519
2019-04-08,5920.641684531861
2019-04-09,5910.427214075761
2019-04-10,5909.022332352411
2019-04-11,5906.799836649495
2019-04-12,5929.237694851488
2019-04-15,5949.78500963083
2019-04-16,5960.605351936905
2019-04-17,5970.62936949911
2019-04-18,5950.13046050155
2019-04-19,5951.253956065408
2019-04-22,5949.380847213431
2019-04-23,5956.874764430918
2019-04-24,5938.018744085674
2019-04-25,5921.30324417554
2019-04-26,5937.967090839199
2019-04-29,5942.358346478996
2019-04-30,5957.382448781402
2019-05-01,5968.594102897518
2019-05-02,5927.602784689581
2019-05-03,5952.550662735873
2019-05-06,5917.421553847181
2019-05-07,5856.555431482764
2019-05-08,5845.486604248344
2019-05-09,5786.243581566388
2019-05-10,5802.186610282267
2019-05-13,5752.737582462678
2019-05-14,5763.318770242115
2019-05-15,5791.824530724918
2019-05-16,5824.57357359017
2019-05-17,5815.114672746543
2019-05-20,5798.737685835768
2019-05-21,5812.016093204496
2019-05-22,5797.834230338189
2019-05-23,5740.09346832765
2019-05-24,5782.171127697318
2019-05-27,5793.493892234838
2019-05-28,5785.821519257574
2019-05-29,5708.135776036021
2019-05-30,5702.117246636829
2019-05-31,5675.614382019755
2019-06-03,5696.443085491169
2019-06-04,5733.934026541508
2019-06-05,5789.230684364294
2019-06-06,5793.194596140727
2019-06-07,5858.393214147884
2019-06-10,5873.053469101413
2019-06-11,5910.35152538746
2019-06-12,5890.271236071214
2019-06-13,5869.281055783073
2019-06-14,5843.6509960206495
2019-06-17,5832.04441072659
2019-06-18,5883.253647840967
2019-06-19,5930.205981140948
2019-06-20,5997.503663043206
2019-06-21,5975.09759665655
2019-06-24,5997.441729903263
2019-06-25,5988.37876145099
2019-06-26,5962.990451289687
2019-06-27,5983.561928877552
2019-06-28,6012.902295093517
2019-07-01,6037.70507518651
2019-07-02,6055.374775405068
2019-07-03,6085.156523230062
2019-07-04,6098.78764879667
2019-07-05,6044.884926542667
2019-07-08,6016.417532891511
2019-07-09,5991.872360733083
2019-07-10,6002.063449421048
2019-07-11,6010.364064926559
2019-07-12,6015.527471667975
2019-07-15,6025.0682681194185
2019-07-16,6015.713191465895
2019-07-17,6003.569457750206
2019-07-18,5969.939183025037
2019-07-19,6005.945871916708
2019-07-22,5999.581845619342
2019-07-23,6018.208743921268
2019-07-24,6027.432198811525
2019-07-25,6004.8371511419355
2019-07-26,5992.135036384995
2019-07-29,5988.240513159429
2019-07-30,5948.1136878838615
2019-07-31,5940.3788532192775
2019-08-01,5927.351166221791
2019-08-02,5835.525778485403
2019-08-05,5748.714960889327
2019-08-06,5708.366578266281
2019-08-07,5734.568244926877
2019-08-08,5793.940362203983
2019-08-09,5776.993362164819
2019-08-12,5768.640800283094
2019-08-13,5747.7071192070225
2019-08-14,5687.600631104012
2019-08-15,5644.141520194348
2019-08-16,5691.876292265372
2019-08-19,5747.104054405788
2019-08-20,5733.230751656714
2019-08-21,5767.649506406786
2019-08-22,5747.208784610289
2019-08-23,5732.9723358772035
2019-08-26,5706.0621842186765
2019-08-27,5736.914159560134
2019-08-28,5727.703906663755
2019-08-29,5759.685982908153
2019-08-30,5794.384599014338
2019-09-02,5780.492854693139
2019-09-03,5779.073722427279
2019-09-04,5839.802083882003
2019-09-05,5893.54046184572
2019-09-06,5919.618619788682
2019-09-09,5921.609342177941
2019-09-10,5927.45171352338
2019-09-11,5963.931916967492
2019-09-12,5989.872409424277
2019-09-13,6030.392734210397
2019-09-16,5982.838028562177
2019-09-17,5998.6541054823965
2019-09-18,5992.379467140431
2019-09-19,6019.0742868951675
2019-09-20,6017.150216094679
2019-09-23,5990.548498205832
2019-09-24,5993.680386191547
2019-09-25,5948.121805722956
2019-09-26,5965.373897647535
2019-09-27,5976.251952925394
2019-09-30,5956.960509487114
2019-10-01,5923.528096509337
2019-10-02,5827.302592893535
2019-10-03,5820.72881871728
2019-10-04,5846.371028707404
2019-10-07,5875.538646063557
2019-10-08,5830.973249405225
2019-10-09,5840.228174017094
2019-10-10,5871.13896394221
2019-10-11,5973.772469407499
2019-10-14,5957.500135255371
2019-10-15,6014.710516158086
2019-10-16,6030.638476648749
2019-10-17,6050.130808330154
2019-10-18,6042.0904266173575
2019-10-21,6076.479907340986
2019-10-22,6077.975172313975
2019-10-23,6079.178865083096
2019-10-24,6108.038995121711
2019-10-25,6116.968741342402
2019-10-28,6123.286061096651
2019-10-29,6141.4479666236975
2019-10-30,6144.400422718536
2019-10-31,6149.578518418498
2019-11-01,6185.720189037485
2019-11-04,6218.635670115613
2019-11-05,6217.097742685374
2019-11-06,6226.648067196921
2019-11-07,6236.372312888095
2019-11-08,6223.670849568031
2019-11-11,6224.294893783009
2019-11-12,6235.729516277113
2019-11-13,6214.6934895726245
2019-11-14,6185.815998073997
2019-11-15,6233.086995124932
2019-11-18,6249.41050432435
2019-11-19,6245.604244521994
2019-11-20,6207.345638340081
2019-11-21,6191.807501010428
2019-11-22,6194.755473235013
2019-11-25,6236.152775196546
2019-11-26,6243.335491564305
2019-11-27,6256.650021830354
2019-11-28,6251.259077553044
2019-11-29,6226.36469936138
2019-12-02,6204.752347633597
2019-12-03,6174.3679810867125
2019-12-04,6201.902228505198
2019-12-05,6210.002100374394
2019-12-06,6246.487030696106
2019-12-09,6253.042565635305
2019-12-10,6243.382468843405
2019-12-11,6253.405344463868
2019-12-12,6273.125879647874
2019-12-13,6348.423232574152
2019-12-16,6400.411426790207
2019-12-17,6392.348557758754
2019-12-18,6371.69385913315
2019-12-19,6376.5908156131145
2019-12-20,6390.6146852520715
2019-12-23,6387.388468366033
2019-12-24,6397.451372882098
2019-12-25,6392.845877102353
2019-12-26,6402.847932195392
2019-12-27,6439.561401389126
2019-12-30,6419.304949858296
2019-12-31,6424.92808959626
2020-01-01,6424.977180731969
2020-01-02,6460.730535164734
2020-01-03,6440.699686385811
2020-01-06,6412.009758564413
2020-01-07,6425.3362374470225
2020-01-08,6403.124603634318
2020-01-09,6424.961202886462
2020-01-10,6438.958865845491
2020-01-13,6436.594997364154
2020-01-14,6454.8873078870665
2020-01-15,6462.118085844661
2020-01-16,6471.644574344893
2020-01-17,6499.502327034701
2020-01-20,6496.4376124803
2020-01-21,6480.9957655659555
2020-01-22,6481.064745441764
2020-01-23,6437.591766512326
2020-01-24,6459.855933538418
2020-01-27,6345.399316693956
2020-01-28,6354.106985688703
2020-01-29,6369.729615621272
2020-01-30,6322.265051324129
2020-01-31,6300.585310383158
2020-02-03,6279.606619757528
2020-02-04,6341.469537679812
2020-02-05,6390.863864983563
2020-02-06,6439.803498791078
2020-02-07,6414.794908317722
2020-02-10,6392.340889591274
2020-02-11,6428.914862989579
2020-02-12,6456.0250583723855
2020-02-13,6435.029088821193
2020-02-14,6422.136459414102
2020-02-17,6417.191968467204
2020-02-18,6379.366453193738
2020-02-19,6396.24254271289
2020-02-20,6356.331533047038
2020-02-21,6350.919082412618
2020-02-24,6201.250138031369
2020-02-25,6084.678467156424
2020-02-26,6050.6388228450005
2020-02-27,5924.374781866159
2020-02-28,5741.256608414325
2020-03-02,5809.658157391701
2020-03-03,5859.8566558768625
2020-03-04,5903.041184684376
2020-03-05,5890.3279567587915
2020-03-06,5752.356176172931
2020-03-09,5392.921524660831
2020-03-10,5353.699249666535
2020-03-11,5248.587872663483
2020-03-12,4691.409692114439
2020-03-13,4697.969453071749
2020-03-16,4494.592131377259
2020-03-17,4534.977953405292
2020-03-18,4319.708652750777
2020-03-19,4354.407657304243
2020-03-20,4382.593233914327
2020-03-23,4246.264575241536
2020-03-24,4570.745574578666
2020-03-25,4788.663507466695
2020-03-26,4926.2580798978615
2020-03-27,4868.0078317323905
2020-03-30,4917.708054665361
2020-03-31,4930.445120965947
2020-04-01,4794.829429028176
2020-04-02,4768.618728893952
2020-04-03,4709.013293467718
2020-04-06,4881.272341700046
2020-04-07,4992.865536931147
2020-04-08,5013.167191573509
2020-04-09,5097.91170141301
2020-04-10,5107.494985896939
2020-04-13,5088.887255262345
2020-04-14,5170.821162346151
2020-04-15,5036.175609446611
2020-04-16,5011.879174121348
2020-04-17,5147.190773823608
2020-04-20,5145.285251859135
2020-04-21,4987.657231377705
2020-04-22,5037.597030029066
2020-04-23,5087.80136951182
2020-04-24,5052.153080918466
2020-04-27,5160.274953281362
2020-04-28,5220.7476998212815
2020-04-29,5308.261310444347
2020-04-30,5274.2729110025075
2020-05-01,5199.800401348613
2020-05-04,5099.87863948504
2020-05-05,5158.668630175791
2020-05-06,5141.926745034731
2020-05-07,5160.572209889509
2020-05-08,5256.806628250072
2020-05-11,5244.419031358942
2020-05-12,5254.556219103542
2020-05-13,5167.681338899299
2020-05-14,5066.0282189683385
2020-05-15,5090.375353747186
2020-05-18,5232.426034330175
2020-05-19,5279.919997332855
2020-05-20,5339.741587792535
2020-05-21,5284.146497156532
2020-05-22,5239.394497361619
2020-05-25,5313.808890313927
2020-05-26,5430.471802742548
2020-05-27,5448.265009103277
2020-05-28,5556.217157993077
2020-05-29,5498.611943839135
2020-06-01,5571.72035597939
2020-06-02,5659.286281867937
2020-06-03,5781.017636600356
2020-06-04,5798.941143991588
2020-06-05,5888.619858297233
2020-06-08,5914.61213630708
2020-06-09,5904.813504317962
2020-06-10,5891.39642229902
2020-06-11,5692.200328134168
2020-06-12,5635.879202850362
2020-06-15,5588.107506874546
2020-06-16,5745.138999132173
2020-06-17,5769.974575983452
2020-06-18,5742.611894860222
2020-06-19,5749.630108023961
2020-06-22,5746.022946590505
2020-06-23,5838.71774915011
2020-06-24,5701.8140117221465
2020-06-25,5680.695527578755
2020-06-26,5667.059328333049
2020-06-29,5665.624485862944
2020-06-30,5686.877119983659
2020-07-01,5698.282480319632
2020-07-02,5770.82930359559
2020-07-03,5761.757631542792
2020-07-06,5866.336519140673
2020-07-07,5821.75990930361
2020-07-08,5800.176997056978
2020-07-09,5766.654526732862
2020-07-10,5791.842946104693
2020-07-13,5868.298309904703
2020-07-14,5847.7969499007395
2020-07-15,5954.917165405447
2020-07-16,5920.809362745931
2020-07-17,5921.3311895985225
2020-07-20,5954.674667040281
2020-07-21,6009.746283606318
2020-07-22,5990.966241994867
2020-07-23,5993.158843290519
2020-07-24,5947.096121488246
2020-07-27,6001.344331351821
2020-07-28,5993.795449233468
2020-07-29,5996.391252216621
2020-07-30,5916.040377671617
2020-07-31,5838.304723150196
2020-08-03,5892.899637326179
2020-08-04,5948.822674637858
2020-08-05,6017.2100531994
2020-08-06,5980.248968023492
2020-08-07,5955.2049127904975
2020-08-10,5971.6405041650705
2020-08-11,6058.65435782951
2020-08-12,6130.437508268245
2020-08-13,6133.897152927085
2020-08-14,6093.794136778064
2020-08-17,6116.836757083524
2020-08-18,6126.214948321957
2020-08-19,6145.327534887531
2020-08-20,6060.712493126397
2020-08-21,6040.949411543474
2020-08-24,6119.549698970501
2020-08-25,6120.532338675498
2020-08-26,6163.398105324853
2020-08-27,6118.142560830083
2020-08-28,6144.806942026475
2020-08-31,6139.558465136941
2020-09-01,6123.221963628208
2020-09-02,6153.846524535612
2020-09-03,6102.912730095417
2020-09-04,6011.415327216665
2020-09-07,6075.431237904648
2020-09-08,6029.308171437144
2020-09-09,6079.195923460937
2020-09-10,6087.8932846913885
2020-09-11,6087.927339741607
2020-09-14,6132.546017494051
2020-09-15,6146.6814091393535
2020-09-16,6171.353105296274
2020-09-17,6127.286049576686
2020-09-18,6128.78834929444
2020-09-21,5957.307742141932
2020-09-22,5945.802861031348
2020-09-23,5945.779945725318
2020-09-24,5876.239378026255
2020-09-25,5882.234212994985
2020-09-28,5990.8885958578485
2020-09-29,6004.6671384852325
2020-09-30,5966.686392507171
2020-10-01,5984.303564245863
2020-10-02,5971.563693670551
2020-10-05,6066.2843675879
2020-10-06,6072.446364763367
2020-10-07,6067.2852822475315
2020-10-08,6109.567656893247
2020-10-09,6153.705222132509
2020-10-12,6182.122933362591
2020-10-13,6144.52711592372
2020-10-14,6144.461737393755
2020-10-15,6030.348347278557
2020-10-16,6064.998727307963
2020-10-19,6093.519803140755
2020-10-20,6080.409263885782
2020-10-21,6074.463063781699
2020-10-22,6037.690264546174
2020-10-23,6067.875954274667
2020-10-26,5987.325931745847
2020-10-27,5955.183625810974
2020-10-28,5806.12467271925
2020-10-29,5761.492890242993
2020-10-30,5732.134403887914
2020-11-02,5813.5009788107445
2020-11-03,5954.642931171911
2020-11-04,6035.851222543696
2020-11-05,6167.573258196386
2020-11-06,6190.37817317984
2020-11-09,6331.181189319975
2020-11-10,6399.2678950148975
2020-11-11,6450.102727691929
2020-11-12,6426.37086821351
2020-11-13,6417.768528798494
2020-11-16,6518.162928130178
2020-11-17,6538.0913331396305
2020-11-18,6553.894700529804
2020-11-19,6514.024047739619
2020-11-20,6544.973714102011
2020-11-23,6517.602019428695
2020-11-24,6625.136924514045
2020-11-25,6647.742961624247
2020-11-26,6652.214791340001
2020-11-27,6695.460057081816
2020-11-30,6611.629820108909
2020-12-01,6675.185058928979
2020-12-02,6698.604032250083
2020-12-03,6748.9328148676905
2020-12-04,6771.155010530772
2020-12-07,6751.103165722904
2020-12-08,6752.432452305637
2020-12-09,6775.151031842328
2020-12-10,6776.351006269386
2020-12-11,6742.952304247293
2020-12-14,6764.585363582165
2020-12-15,6782.053727064394
2020-12-16,6842.0281233979495
2020-12-17,6900.286651224174
2020-12-18,6865.354669115779
2020-12-21,6750.227158806318
2020-12-22,6744.715947049475
2020-12-23,6810.523172438552
2020-12-24,6826.134397267526
2020-12-25,6827.885495271388
2020-12-28,6871.193693479263
2020-12-29,6947.523838293451
2020-12-30,6956.425618499573
2020-12-31,6912.347315037115
2021-01-01,6912.347315037108
2021-01-04,6959.146823367508
2021-01-05,6969.204751733589
2021-01-06,7020.3174556742715
2021-01-07,7068.703733965194
2021-01-08,7136.478755372581
2021-01-11,7047.057371289106
2021-01-12,7064.424610203062
2021-01-13,7078.833309458531
2021-01-14,7117.876013236512
2021-01-15,7039.621522261713
2021-01-18,7030.140937008967
2021-01-19,7063.136071841216
2021-01-20,7091.455577162916
2021-01-21,7119.724717972985
2021-01-22,7082.683827392434
2021-01-25,7046.372873498532
2021-01-26,7064.827407571753
2021-01-27,6976.905454438947
2021-01-28,6953.05084932433
2021-01-29,6838.657767972361
2021-02-01,6891.972333718927
2021-02-02,6949.263445916047
2021-02-03,6987.692858285324
2021-02-04,6983.373984319178
2021-02-05,7038.4013074761715
2021-02-08,7105.604019846821
2021-02-09,7134.922187549775
2021-02-10,7151.600124004164
2021-02-11,7169.078085364117
2021-02-12,7189.245562453185
2021-02-15,7271.479609322224
2021-02-16,7278.495368800298
2021-02-17,7203.702615703681
2021-02-18,7168.85898427479
2021-02-19,7209.712617430254
2021-02-22,7213.918237244565
2021-02-23,7214.478974398469
2021-02-24,7174.083377067487
2021-02-25,7216.242123141591
2021-02-26,7012.913433206762
2021-03-01,7110.3735970419875
2021-03-02,7119.215590284038
2021-03-03,7133.308145945306
2021-03-04,7075.933200811209
2021-03-05,6993.847750275878
2021-03-08,7048.6410114469745
2021-03-09,7120.718368905481
2021-03-10,7146.407226177696
2021-03-11,7209.734751170548
2021-03-12,7211.015846521566
2021-03-15,7220.3285773281605
2021-03-16,7262.311772519631
2021-03-17,7247.2830758012215
2021-03-18,7299.250921146683
2021-03-19,7250.049398397655
2021-03-22,7247.4969893374355
2021-03-23,7194.046393010793
2021-03-24,7136.132177059941
2021-03-25,7131.192785678636
2021-03-26,7207.45409250528
2021-03-29,7207.184118951211
2021-03-30,7210.99959740457
2021-03-31,7191.763657738244
2021-04-01,7234.999036380053
2021-04-02,7247.96477608921
2021-04-05,7290.487384199452
2021-04-06,7316.250744753893
2021-04-07,7337.671208205947
2021-04-08,7373.058039089013
2021-04-09,7375.4253344378285
2021-04-12,7354.928044823327
2021-04-13,7373.299597588737
2021-04-14,7406.412370048614
2021-04-15,7448.741518694336
2021-04-16,7494.464593819378
2021-04-19,7514.498514875106
2021-04-20,7402.844145028965
2021-04-21,7396.748521857663
2021-04-22,7455.748355447884
2021-04-23,7456.605743843054
2021-04-26,7497.561273200474
2021-04-27,7472.891424309222
2021-04-28,7489.526231541943
2021-04-29,7492.028911647908
2021-04-30,7417.994579905342
2021-05-03,7465.90445756377
2021-05-04,7384.993092512372
2021-05-05,7467.652083415867
2021-05-06,7518.744746532917
2021-05-07,7614.683647335662
2021-05-10,7652.291614982864
2021-05-11,7511.628436496519
2021-05-12,7446.870887451597
2021-05-13,7404.718901277579
2021-05-14,7527.667715112484
2021-05-17,7537.921111767238
2021-05-18,7613.158130986396
2021-05-19,7517.4494716649415
2021-05-20,7586.915667865998
2021-05-21,7608.4355162670445
2021-05-24,7637.198682613728
2021-05-25,7662.122711190597
2021-05-26,7658.526514184109
2021-05-27,7652.082221425859
2021-05-28,7703.446469664099
2021-05-31,7675.80881324047
2021-06-01,7735.021684055772
2021-06-02,7745.915668537314
2021-06-03,7713.098598656291
2021-06-04,7759.887214644371
2021-06-07,7787.054603246513
2021-06-08,7789.272336893698
2021-06-09,7779.066684850299
2021-06-10,7780.716222413096
2021-06-11,7782.908347863558
2021-06-14,7803.724159740573
2021-06-15,7827.104194146901
2021-06-16,7837.569587053347
2021-06-17,7730.292734811238
2021-06-18,7592.965863601252
2021-06-21,7606.185100707774
2021-06-22,7662.326715927018
2021-06-23,7649.118159758919
2021-06-24,7676.086377478215
2021-06-25,7714.9107544079
2021-06-28,7671.157425436123
2021-06-29,7660.434974320006
2021-06-30,7597.775438310524
2021-07-01,7610.4644528998315
2021-07-02,7632.601477406954
2021-07-05,7661.9946240679665
2021-07-06,7624.983985294706
2021-07-07,7635.251954093628
2021-07-08,7563.193714893257
2021-07-09,7622.624781042225
2021-07-12,7693.986848478889
2021-07-13,7687.4476549708315
2021-07-14,7677.47470780062
2021-07-15,7611.888040086118
2021-07-16,7574.187468618199
2021-07-19,7429.6937301237185
2021-07-20,7419.2898288460965
2021-07-21,7528.991508522717
2021-07-22,7567.757614585342
2021-07-23,7597.312853336957
2021-07-26,7630.774868070075
2021-07-27,7623.239123871215
2021-07-28,7619.556290215281
2021-07-29,7713.247827445375
2021-07-30,7648.246049736888
2021-08-02,7731.9807348911645
2021-08-03,7727.595739777776
2021-08-04,7737.65608021799
2021-08-05,7765.493383030751
2021-08-06,7723.063139393814
2021-08-09,7724.460542115985
2021-08-10,7738.367015639596
2021-08-11,7787.07217528645
2021-08-12,7788.324468006244
2021-08-13,7837.535589612621
2021-08-16,7784.6461473019
2021-08-17,7729.946875850868
2021-08-18,7730.537392071967
2021-08-19,7606.002873268838
2021-08-20,7601.847573993701
2021-08-23,7709.736450995206
2021-08-24,7749.137140757226
2021-08-25,7740.489288645993
2021-08-26,7717.087597231239
2021-08-27,7753.307721528717
2021-08-30,7780.636451747189
2021-08-31,7770.998404959023
2021-09-01,7839.989015325591
2021-09-02,7874.293707586321
2021-09-03,7891.73965716572
2021-09-06,7936.922760974358
2021-09-07,7913.041132861094
2021-09-08,7850.412584291211
2021-09-09,7836.53312532679
2021-09-10,7855.57200730901
2021-09-13,7859.612645672246
2021-09-14,7875.121103523582
2021-09-15,7829.235009534063
2021-09-16,7804.902848728278
2021-09-17,7744.645061963414
2021-09-20,7638.493985643393
2021-09-21,7666.571580455263
2021-09-22,7704.804560574191
2021-09-23,7763.672320309146
2021-09-24,7724.1353403921385
2021-09-27,7720.486283833256
2021-09-28,7581.534130294693
2021-09-29,7546.709807918399
2021-09-30,7547.7235842778855
2021-10-01,7499.068717465115
2021-10-04,7492.44764251923
2021-10-05,7504.339237450717
2021-10-06,7431.225747776384
2021-10-07,7527.685938722018
2021-10-08,7544.068548941963
2021-10-11,7559.765299889748
2021-10-12,7531.368656940531
2021-10-13,7575.020144920487
2021-10-14,7658.2524186025175
2021-10-15,7734.276144232261
2021-10-18,7707.181020177097
2021-10-19,7756.946581955433
2021-10-20,7786.888380505544
2021-10-21,7764.705551671901
2021-10-22,7789.064150953178
2021-10-25,7777.941695721107
2021-10-26,7810.258952688348
2021-10-27,7791.0362292331
2021-10-28,7838.1258545412165
2021-10-29,7772.340625962382
2021-11-01,7862.28835377965
2021-11-02,7843.7128822193445
2021-11-03,7864.561097396225
2021-11-04,7890.517719261357
2021-11-05,7899.144867695001
2021-11-08,7916.530394777584
2021-11-09,7892.761922567016
2021-11-10,7848.847593478323
2021-11-11,7840.99643180388
2021-11-12,7878.597094587241
2021-11-15,7900.680145140793
2021-11-16,7870.204519276344
2021-11-17,7837.583172882513
2021-11-18,7831.159801395554
2021-11-19,7811.772893262339
2021-11-22,7755.022183580824
2021-11-23,7704.386667250827
2021-11-24,7664.659717523862
2021-11-25,7699.262309641358
2021-11-26,7527.1439877890725
2021-11-29,7498.320462290668
2021-11-30,7408.646167932077
2021-12-01,7530.673424344801
2021-12-02,7472.515839633873
2021-12-03,7446.737086864658
2021-12-06,7500.035949521644
2021-12-07,7658.656994717322
2021-12-08,7682.686399869717
2021-12-09,7645.777358272622
2021-12-10,7624.37720725907
2021-12-13,7578.886981720653
2021-12-14,7527.701246917444
2021-12-15,7536.336880889142
2021-12-16,7648.80929716888
2021-12-17,7580.9360846372865
2021-12-20,7472.079563599459
2021-12-21,7564.318884345896
2021-12-22,7641.009265372089
2021-12-23,7707.052267515151
2021-12-24,7713.219483111041
2021-12-27,7724.32040239474
2021-12-28,7765.942117226292
2021-12-29,7784.156281386106
2021-12-30,7773.653132571768
2021-12-31,7784.984974463785
2022-01-03,7759.737404083805
2022-01-04,7847.568929592588
2022-01-05,7862.977804679464
2022-01-06,7735.419274442508
2022-01-07,7759.27644263533
2022-01-10,7690.4665394806025
2022-01-11,7733.502046445346
2022-01-12,7853.808327060986
2022-01-13,7871.906753183835
2022-01-14,7791.818504464448
2022-01-17,7815.714088515424
2022-01-18,7731.184293326579
2022-01-19,7691.779868940112
2022-01-20,7743.612417617919
2022-01-21,7618.021744030632
2022-01-24,7412.65008348521
2022-01-25,7393.9075239416
2022-01-26,7463.369868446234
2022-01-27,7364.3509480310495
2022-01-28,7361.158546414624
2022-01-31,7441.3860972115135
2022-02-01,7535.907102401525
2022-02-02,7616.726560062442
2022-02-03,7560.868591312324
2022-02-04,7520.400472090548
2022-02-07,7561.31953512799
2022-02-08,7561.812993465897
2022-02-09,7680.052771944493
2022-02-10,7689.661334105066
2022-02-11,7631.413009809489
2022-02-14,7474.326550389914
2022-02-15,7541.762440262368
2022-02-16,7585.872435524215
2022-02-17,7549.476801135813
2022-02-18,7479.138076848314
2022-02-21,7419.4374433435
2022-02-22,7382.132845279809
2022-02-23,7364.1193875736235
2022-02-24,7085.433088619597
2022-02-25,7316.7840473344695
2022-02-28,7325.597375925817
2022-03-01,7200.976804775842
2022-03-02,7175.665660672096
2022-03-03,7119.522333232978
2022-03-04,6902.375834813276
2022-03-07,6781.437933545657
2022-03-08,6717.746115524904
2022-03-09,6971.042425011944
2022-03-10,6969.917262258527
2022-03-11,6941.154777584598
2022-03-14,6969.906938060728
2022-03-15,6951.859826907387
2022-03-16,7134.00518509749
2022-03-17,7280.755568544132
2022-03-18,7304.40009504418
2022-03-21,7318.517150564426
2022-03-22,7358.896150727183
2022-03-23,7344.898915935687
2022-03-24,7335.759023739708
2022-03-25,7332.409772814744
2022-03-28,7302.617289272148
2022-03-29,7464.2942657639605
2022-03-30,7488.273830974359
2022-03-31,7410.604209720197
2022-04-01,7380.012700583139
2022-04-04,7423.614519914033
2022-04-05,7401.346724583977
2022-04-06,7286.417902862501
2022-04-07,7239.311447805602
2022-04-08,7280.151823134828
2022-04-11,7240.792086763133
2022-04-12,7197.683540783024
2022-04-13,7202.27193194467
2022-04-14,7218.469544980872
2022-04-15,7210.883220764794
2022-04-18,7184.848187001519
2022-04-19,7156.586269008656
2022-04-20,7261.087880893352
2022-04-21,7247.847765338556
2022-04-22,7081.552536199311
2022-04-25,6945.860137614392
2022-04-26,6872.750870292804
2022-04-27,6822.651955874494
2022-04-28,6869.401628626509
2022-04-29,6923.956436457604
2022-05-02,6837.785011184381
2022-05-03,6880.341081830776
2022-05-04,6857.533936251596
2022-05-05,6806.93389931231
2022-05-06,6741.930991750659
2022-05-09,6540.218421859263
2022-05-10,6546.631044714049
2022-05-11,6610.0321855923385
2022-05-12,6515.42491805604
2022-05-13,6634.85220148917
2022-05-16,6654.278463837068
2022-05-17,6776.359079895047
2022-05-18,6737.902513709299
2022-05-19,6700.9445652042805
2022-05-20,6733.322896804634
2022-05-23,6846.955941566513
2022-05-24,6819.79268691439
2022-05-25,6827.365237256065
2022-05-26,6878.719094683968
2022-05-27,6966.9394831869295
2022-05-30,7064.100115806925
2022-05-31,6981.44166722213
2022-06-01,6934.38123444772
2022-06-02,6980.945363329814
2022-06-03,6961.872000070919
2022-06-06,6999.4282108940915
2022-06-07,6972.738605661346
2022-06-08,6959.062873141482
2022-06-09,6840.767125025664
2022-06-10,6642.5830851030305
2022-06-13,6447.880685277525
2022-06-14,6347.451687982489
2022-06-15,6381.69240294526
2022-06-16,6323.98783043368
2022-06-17,6242.065533868285
2022-06-20,6315.440007047265
2022-06-21,6370.537188066598
2022-06-22,6337.903580799426
2022-06-23,6284.9913109051495
2022-06-24,6412.161591690228
2022-06-27,6488.7394577244195
2022-06-28,6476.233624675188
2022-06-29,6416.733140049429
2022-06-30,6324.536380924999
2022-07-01,6280.976027803071
2022-07-04,6344.371255113686
2022-07-05,6193.460963426827
2022-07-06,6210.162215226016
2022-07-07,6313.021582705588
2022-07-08,6340.146532829988
2022-07-11,6267.812815299844
2022-07-12,6256.66189754958
2022-07-13,6242.4912628012025
2022-07-14,6104.013031567524
2022-07-15,6211.569951937718
2022-07-18,6317.550099003776
2022-07-19,6409.566239569152
2022-07-20,6430.212442890281
2022-07-21,6440.1881654849785
2022-07-22,6488.984445953677
2022-07-25,6478.119108913121
2022-07-26,6446.628402653619
2022-07-27,6464.955777884477
2022-07-28,6560.827257113445
2022-07-29,6638.987078958337
2022-08-01,6700.637561944378
2022-08-02,6621.248534046741
2022-08-03,6589.8483384887195
2022-08-04,6647.730077277199
2022-08-05,6591.437255186073
2022-08-08,6658.550169535219
2022-08-09,6616.219673956133
2022-08-10,6746.46209714355
2022-08-11,6760.227318585687
2022-08-12,6746.661237053695
2022-08-15,6749.16721059869
2022-08-16,6739.8174998142595
2022-08-17,6696.460578774256
2022-08-18,6695.146884422294
2022-08-19,6602.626674325278
2022-08-22,6527.297394032227
2022-08-23,6514.026176972836
2022-08-24,6509.0230629923
2022-08-25,6545.713692644317
2022-08-26,6482.2307188204895
2022-08-29,6380.539218160224
2022-08-30,6358.322153429773
2022-08-31,6328.840281854785
2022-09-01,6170.254887374305
2022-09-02,6282.023863457093
2022-09-05,6215.111740059388
2022-09-06,6182.72508111298
2022-09-07,6147.190757657587
2022-09-08,6218.046849128827
2022-09-09,6354.026779414835
2022-09-12,6480.390019827766
2022-09-13,6344.199410531929
2022-09-14,6278.924234765037
2022-09-15,6238.18828521711
2022-09-16,6174.384527670437
2022-09-19,6166.6928253264305
2022-09-20,6121.512377458718
2022-09-21,6068.373516845972
2022-09-22,5984.384114164649
2022-09-23,5820.638056824574
2022-09-26,5724.901303273843
2022-09-27,5711.165786107951
2022-09-28,5719.695266791152
2022-09-29,5726.18840261203
2022-09-30,5742.9873936666445
2022-10-03,5808.372077166942
2022-10-04,6035.045474959745
2022-10-05,5971.009572366116
2022-10-06,5936.694268216367
2022-10-07,5849.311967393533
2022-10-10,5780.709880503883
2022-10-11,5720.118762392489
2022-10-12,5691.580834815719
2022-10-13,5713.534251969098
2022-10-14,5762.418270528151
2022-10-17,5841.971032403075
2022-10-18,5891.476668105555
2022-10-19,5843.356020044418
2022-10-20,5866.416214164726
2022-10-21,5816.6030987356
2022-10-24,5906.763303296321
2022-10-25,6021.944149992959
2022-10-26,6111.542708314952
2022-10-27,6097.92780673616
2022-10-28,6058.558130652974
2022-10-31,6059.5477975550775
2022-11-01,6102.861833197555
2022-11-02,6097.4610449336415
2022-11-03,5988.618244146674
2022-11-04,6127.941130322665
2022-11-07,6209.471609138538
2022-11-08,6299.531817415511
2022-11-09,6242.487522900875
2022-11-10,6470.255175429066
2022-11-11,6622.162575931505
2022-11-14,6600.613603286692
2022-11-15,6657.4082590808
2022-11-16,6627.612874779871
2022-11-17,6562.309445300901
2022-11-18,6627.320390625749
2022-11-21,6546.370340519796
2022-11-22,6629.725543021463
2022-11-23,6713.279864276853
2022-11-24,6783.396634648789
2022-11-25,6770.171114734911
2022-11-28,6718.943869424858
2022-11-29,6703.5574295987035
2022-11-30,6704.946982634789
2022-12-01,6874.382909416458
2022-12-02,6830.863464369578
2022-12-05,6819.179758347899
2022-12-06,6764.731116409453
2022-12-07,6728.548111818096
2022-12-08,6741.885082124869
2022-12-09,6791.369008654146
2022-12-12,6746.682008248904
2022-12-13,6890.664105366748
2022-12-14,6898.985904534605
2022-12-15,6726.52309194802
2022-12-16,6640.258713427699
2022-12-19,6613.198271187232
2022-12-20,6652.23828772616
2022-12-21,6714.06767386435
2022-12-22,6670.373861023002
2022-12-23,6671.246942198203
2022-12-26,6673.58342749421
2022-12-27,6698.18795466784
2022-12-28,6662.739987984825
2022-12-29,6711.129317742417
2022-12-30,6672.440508842668
2023-01-02,6709.595585711497
2023-01-03,6720.569555855895
2023-01-04,6796.671308555916
2023-01-05,6729.56924136789
2023-01-06,6852.305558800648
2023-01-09,6965.3558786553585
2023-01-10,6927.642660482248
2023-01-11,6972.56803438091
2023-01-12,7074.7140521065
2023-01-13,7136.58003303227
2023-01-16,7138.006150259811
2023-01-17,7166.715673438421
2023-01-18,7210.392866018407
2023-01-19,7099.921787202893
2023-01-20,7141.3443995139205
2023-01-23,7196.210155130118
2023-01-24,7219.8319072110335
2023-01-25,7228.719189410722
2023-01-26,7225.8124963058945
2023-01-27,7244.701208580581
2023-01-30,7235.827533115928
2023-01-31,7219.313202764873
2023-02-01,7253.938787912806
2023-02-02,7323.360579286193
2023-02-03,7275.156280552343
2023-02-06,7157.946670365684
2023-02-07,7177.0926276864275
2023-02-08,7200.0331262684185
2023-02-09,7248.136735056001
2023-02-10,7170.067462216811
2023-02-13,7206.240499735896
2023-02-14,7221.378541135315
2023-02-15,7182.539242339348
2023-02-16,7198.742838289288
2023-02-17,7165.049621383896
2023-02-20,7192.56389039235
2023-02-21,7156.844417829816
2023-02-22,7097.123826504612
2023-02-23,7075.300183498551
2023-02-24,6991.467244830555
2023-02-27,7064.833361047326
2023-02-28,7050.787355459267
2023-03-01,7057.567979554564
2023-03-02,7053.377511855525
2023-03-03,7119.291376565517
2023-03-06,7170.4242353245745
2023-03-07,7078.120230362578
2023-03-08,7063.725582290058
2023-03-09,7078.266745680095
2023-03-10,7033.027581154321
2023-03-13,6943.930522969737
2023-03-14,6949.41239538856
2023-03-15,6764.734782986134
2023-03-16,6831.138146463201
2023-03-17,6821.140964596821
2023-03-20,6872.263190702114
2023-03-21,6942.823014113448
2023-03-22,6987.93786343743
2023-03-23,7032.480993356584
2023-03-24,6922.578963326015
2023-03-27,6975.102619988286
2023-03-28,7018.648783372141
2023-03-29,7084.2690824206575
2023-03-30,7176.1523747585725
2023-03-31,7207.48442391467
2023-04-03,7258.253293793656
2023-04-04,7296.129965946646
2023-04-05,7244.651094831267
2023-04-06,7243.664708248944
2023-04-07,7245.924283632256
2023-04-10,7195.072836179035
2023-04-11,7279.606559171913
2023-04-12,7334.428632152471
2023-04-13,7403.104395927286
2023-04-14,7409.17860458837
2023-04-17,7369.845989557044
2023-04-18,7424.819687882274
2023-04-19,7407.6354424024075
2023-04-20,7414.492518376108
2023-04-21,7407.42551047383
2023-04-24,7434.152921823492
2023-04-25,7387.525283444707
2023-04-26,7367.3282085421
2023-04-27,7369.159492196123
2023-04-28,7412.137753141579
2023-05-01,7398.290699163114
2023-05-02,7336.214035284982
2023-05-03,7385.961257680279
2023-05-04,7359.299492323539
2023-05-05,7426.210607978157
2023-05-08,7458.448897756764
2023-05-09,7431.085984581344
2023-05-10,7417.51971352745
2023-05-11,7384.4824192837505
2023-05-12,7371.541326578713
2023-05-15,7403.595550734222
2023-05-16,7373.6274183261285
2023-05-17,7338.117144699155
2023-05-18,7344.753991140257
2023-05-19,7393.60691347496
2023-05-22,7409.481011764952
2023-05-23,7353.802340661864
2023-05-24,7235.37325395
2023-05-25,7177.353665377877
2023-05-26,7218.316155278581
2023-05-29,7238.9307202448035
2023-05-30,7200.775063885328
2023-05-31,7088.901803805421
2023-06-01,7186.311336949352
2023-06-02,7290.191324511977
2023-06-05,7296.126965121884
2023-06-06,7319.0725258431385
2023-06-07,7295.928623561047
2023-06-08,7322.95409281001
2023-06-09,7335.14681544121
2023-06-12,7344.829242536036
2023-06-13,7422.4589254669945
2023-06-14,7491.270792613246
2023-06-15,7507.217685972479
2023-06-16,7537.302566186044
2023-06-19,7478.667527128094
2023-06-20,7432.157397593465
2023-06-21,7428.8862430874005
2023-06-22,7390.504156612806
2023-06-23,7290.4665478401175
2023-06-26,7301.494852768411
2023-06-27,7323.46773173152
2023-06-28,7352.744317706014
2023-06-29,7359.290350584909
2023-06-30,7425.91691281221
2023-07-03,7446.209767619715
2023-07-04,7444.246862868092
2023-07-05,7389.579332197143
2023-07-06,7236.212894249077
2023-07-07,7273.449256234652
2023-07-10,7283.0486706479505
2023-07-11,7338.761126439165
2023-07-12,7495.252421498058
2023-07-13,7606.908612558555
2023-07-14,7615.072943095839
2023-07-17,7571.579339509717
2023-07-18,7617.87729420535
2023-07-19,7619.112081108099
2023-07-20,7600.293665289324
2023-07-21,7586.157477711691
2023-07-24,7594.969077248956
2023-07-25,7610.023278817235
2023-07-26,7603.580372037665
2023-07-27,7634.254344658011
2023-07-28,7648.046962045929
2023-07-31,7666.215401752874
2023-08-01,7586.876835165013
2023-08-02,7445.8401319050545
2023-08-03,7402.035990355362
2023-08-04,7465.202919759187
2023-08-07,7458.910599951333
2023-08-08,7410.940671721959
2023-08-09,7438.119088319987
2023-08-10,7507.027330101608
2023-08-11,7431.637529858607
2023-08-14,7369.999426908106
2023-08-15,7333.638432029609
2023-08-16,7277.763811308763
2023-08-17,7219.258945856074
2023-08-18,7181.6734191879295
2023-08-21,7174.145454138814
2023-08-22,7208.284066011166
2023-08-23,7255.475955445659
2023-08-24,7232.038833821001
2023-08-25,7166.279660798389
2023-08-28,7256.340504342477
2023-08-29,7331.613536644575
2023-08-30,7393.423755669907
2023-08-31,7369.663803747285
2023-09-01,7361.003449010412
2023-09-04,7367.223690003914
2023-09-05,7300.322211553917
2023-09-06,7275.454148827856
2023-09-07,7259.889792857967
2023-09-08,7249.966264973087
2023-09-11,7301.5462613474465
2023-09-12,7289.196418929275
2023-09-13,7283.20145788149
2023-09-14,7358.082896266198
2023-09-15,7386.894576008155
2023-09-18,7338.406103988401
2023-09-19,7335.958813138486
2023-09-20,7371.825020734499
2023-09-21,7241.284084178411
2023-09-22,7223.637609980097
2023-09-25,7156.390135501658
2023-09-26,7111.339718541279
2023-09-27,7066.745395781329
2023-09-28,7102.523285354993
2023-09-29,7121.202037680704
2023-10-02,7005.764198503484
2023-10-03,6915.415476721578
2023-10-04,6874.720833348707
2023-10-05,6944.628101829657
2023-10-06,6982.2295425843995
2023-10-09,6987.426181188191
2023-10-10,7137.023151286378
2023-10-11,7161.610300519626
2023-10-12,7145.745963692041
2023-10-13,7055.092115567207
2023-10-16,7066.579316841175
2023-10-17,7093.154337511363
2023-10-18,7021.48012965205
2023-10-19,6941.829842268522
2023-10-20,6876.678942294559
2023-10-23,6869.660752970271
2023-10-24,6875.586180593707
2023-10-25,6877.483764717441
2023-10-26,6807.543975815516
2023-10-27,6807.644427626356
2023-10-30,6834.532856063438
2023-10-31,6820.6191672916675
2023-11-01,6893.125952546988
2023-11-02,7037.103039219559
2023-11-03,7128.933958190649
2023-11-06,7153.080149484175
2023-11-07,7078.114833025986
2023-11-08,7072.793828011165
2023-11-09,7136.449568068018
2023-11-10,7058.2824704870645
2023-11-13,7103.043597031042
2023-11-14,7254.620607271912
2023-11-15,7324.753788270824
2023-11-16,7296.493714479965
2023-11-17,7369.8796701491
2023-11-20,7404.497892270017
2023-11-21,7400.722664436014
2023-11-22,7370.218307006316
2023-11-23,7404.271948198602
2023-11-24,7444.021666022339
2023-11-27,7415.6522007693875
2023-11-28,7434.064939462375
2023-11-29,7448.987994367362
2023-11-30,7461.600729357521
2023-12-01,7488.920701916817
2023-12-04,7468.264933020306
2023-12-05,7454.170848766835
2023-12-06,7504.676777606001
2023-12-07,7502.993194137174
2023-12-08,7506.9856628485695
2023-12-11,7510.93332056939
2023-12-12,7521.208964978356
2023-12-13,7551.24464313634
2023-12-14,7719.521555478982
2023-12-15,7699.817672052052
2023-12-18,7661.270657164119
2023-12-19,7732.727270955096
2023-12-20,7744.858326369588
2023-12-21,7749.361750831404
2023-12-22,7778.743414130799
2023-12-25,7780.67562370721
2023-12-26,7785.024041033264
2023-12-27,7867.017219973169
2023-12-28,7883.961779379153
2023-12-29,7869.479167077004
2024-01-01,7870.0807366471645
2024-01-02,7795.1759953332585
2024-01-03,7705.546640562418
2024-01-04,7751.719417086047
2024-01-05,7772.790841717875
2024-01-08,7783.883043704018
2024-01-09,7756.801514846801
2024-01-10,7775.610584520807
2024-01-11,7753.431743397374
2024-01-12,7830.133107234956
2024-01-15,7804.11093015263
2024-01-16,7716.905630609331
2024-01-17,7609.679796203867
2024-01-18,7638.432456508226
2024-01-19,7672.974749532804
2024-01-22,7736.652961344544
2024-01-23,7700.49473185906
2024-01-24,7797.552939899455
2024-01-25,7779.113359939376
2024-01-26,7820.7031991114445
2024-01-29,7835.727707957376
2024-01-30,7855.714431055115
2024-01-31,7903.367260903872
2024-02-01,7847.820132499758
2024-02-02,7821.257004505742
2024-02-05,7770.148258243093
2024-02-06,7811.718775923454
2024-02-07,7824.656511802613
2024-02-08,7814.440373979566
2024-02-09,7827.7404071427145
2024-02-12,7841.936814802834
2024-02-13,7772.3538704057955
2024-02-14,7789.625132413762
2024-02-15,7877.80978328523
2024-02-16,7939.201748285708
2024-02-19,7953.597345241555
2024-02-20,7974.410135532614
2024-02-21,7943.904221169992
2024-02-22,8015.301558879342
2024-02-23,8047.8628201133515
2024-02-26,8045.165435185028
2024-02-27,8060.124681497337
2024-02-28,8019.352223074744
2024-02-29,8038.297120976131
2024-03-01,8102.910604540225
2024-03-04,8108.423768978181
2024-03-05,8111.090739653029
2024-03-06,8167.963581227634
2024-03-07,8255.149473517256
2024-03-08,8296.216764314762
2024-03-11,8213.984084454481
2024-03-12,8244.376356573837
2024-03-13,8271.4464796734
2024-03-14,8228.319068131335
2024-03-15,8198.908367740492
2024-03-18,8222.069837742398
2024-03-19,8217.875281913884
2024-03-20,8213.992447498485
2024-03-21,8309.321022564038
2024-03-22,8288.957517675906
2024-03-25,8279.726904412295
2024-03-26,8283.915201591044
2024-03-27,8308.059212785298
2024-03-28,8301.3817853402
2024-03-29,8309.517270767516
2024-04-01,8245.324624728159
2024-04-02,8217.178443559867
2024-04-03,8243.611894607466
2024-04-04,8297.365711545535
2024-04-05,8208.57917721614
2024-04-08,8265.745782559434
2024-04-09,8267.827279618592
2024-04-10,8188.651001915607
2024-04-11,8136.298637316071
2024-04-12,8102.853802941641
2024-04-15,8073.679124358147
2024-04-16,7944.431809427217
2024-04-17,7928.569097228238
2024-04-18,7964.47550661828
2024-04-19,7935.085056045924
2024-04-22,7992.585257527387
2024-04-23,8090.014455048058
2024-04-24,8094.350647058807
2024-04-25,8043.165624987938
2024-04-26,8081.14725881271
2024-04-29,8117.3946205304865
2024-04-30,8089.27380094601
2024-05-01,8058.347476963942
2024-05-02,8107.601392626501
2024-05-03,8197.900982455987
2024-05-06,8237.644045213592
2024-05-07,8307.68128038095
2024-05-08,8261.772719718194
2024-05-09,8297.576005932693
2024-05-10,8342.774421927117
2024-05-13,8363.173172158184
2024-05-14,8380.698415359519
2024-05-15,8447.024665321314
2024-05-16,8468.261341109339
2024-05-17,8476.062641779232
2024-05-20,8493.973044050112
2024-05-21,8474.73663004274
2024-05-22,8416.203997657663
2024-05-23,8412.805212112908
2024-05-24,8402.191657785475
2024-05-27,8453.283558111672
2024-05-28,8426.620615395814
2024-05-29,8291.231157755188
2024-05-30,8336.018753921662
2024-05-31,8398.675585410267
2024-06-03,8451.231693421149
2024-06-04,8427.706492431602
2024-06-05,8428.088378543343
2024-06-06,8491.717671107699
2024-06-07,8427.378198317036
2024-06-10,8395.594686152996
2024-06-11,8321.12528769314
2024-06-12,8444.329445161247
2024-06-13,8305.304173570717
2024-06-14,8213.080791396838
2024-06-17,8187.877016183263
2024-06-18,8253.28417526898
2024-06-19,8262.17009889846
2024-06-20,8284.850608530183
2024-06-21,8218.024627042229
2024-06-24,8294.243126043471
2024-06-25,8306.868602035913
2024-06-26,8269.197085188134
2024-06-27,8258.76071722849
2024-06-28,8259.441545993239
2024-07-01,8274.200051717622
2024-07-02,8291.102163355738
2024-07-03,8389.140424869614
2024-07-04,8449.625366119246
2024-07-05,8430.452737693513
2024-07-08,8422.281998801724
2024-07-09,8382.124864816093
2024-07-10,8453.614573159035
2024-07-11,8573.008551335039
2024-07-12,8627.210632803244
2024-07-15,8578.507133894727
2024-07-16,8543.945442525986
2024-07-17,8572.001654825914
2024-07-18,8511.737595956272
2024-07-19,8437.57296211107
2024-07-22,8463.689175500695
2024-07-23,8461.953756141795
2024-07-24,8430.7117647553
2024-07-25,8318.561002114293
2024-07-26,8364.021877340889
2024-07-29,8369.439718310612
2024-07-30,8374.831313521121
2024-07-31,8518.569000403644
2024-08-01,8376.021873295698
2024-08-02,8192.787524792451
2024-08-05,7922.507571175579
2024-08-06,8035.1549719360255
2024-08-07,8123.663864084313
2024-08-08,8116.776927435841
2024-08-09,8186.279803891227
2024-08-12,8177.700862276049
2024-08-13,8289.477559367138
2024-08-14,8382.761305221344
2024-08-15,8422.412875487082
2024-08-16,8516.195104807155
2024-08-19,8591.68329488058
2024-08-20,8619.890763783096
2024-08-21,8644.847705643078
2024-08-22,8653.63152328112
2024-08-23,8748.067784505176
2024-08-26,8754.047443487785
2024-08-27,8768.058125828466
2024-08-28,8771.758704335847
2024-08-29,8779.072398775503
2024-08-30,8802.770278212196
2024-09-02,8787.604319057322
2024-09-03,8728.22938899104
2024-09-04,8638.9306264256
2024-09-05,8595.29196434719
2024-09-06,8555.278748115847
2024-09-09,8543.759042357742
2024-09-10,8495.365485560962
2024-09-11,8486.461850485159
2024-09-12,8597.244230042978
2024-09-13,8674.660073822051
2024-09-16,8694.013615057733
2024-09-17,8686.914988291517
2024-09-18,8656.764360858106
2024-09-19,8783.67207493724
2024-09-20,8720.502809755848
2024-09-23,8754.707001052104
2024-09-24,8816.428658534262
2024-09-25,8805.920827088474
2024-09-26,8926.21642551926
2024-09-27,9022.318685667771
2024-09-30,8900.242978953418
2024-10-01,8857.856163502494
2024-10-02,8790.45486163844
2024-10-03,8741.53253963331
2024-10-04,8724.931255130958
2024-10-07,8770.728870028957
2024-10-08,8689.543319868566
2024-10-09,8712.507582072934
2024-10-10,8707.953664688885
2024-10-11,8743.243969197929
2024-10-14,8750.874616127869
2024-10-15,8714.174646244464
2024-10-16,8664.835829671278
2024-10-17,8689.269218098367
2024-10-18,8724.356980199305
2024-10-21,8662.008866984996
2024-10-22,8602.591783779222
2024-10-23,8529.341551413014
2024-10-24,8553.562330536357
2024-10-25,8553.246938586903
2024-10-28,8579.850862856105
2024-10-29,8552.320722656545
2024-10-30,8529.142884121467
2024-10-31,8446.4289405445
2024-11-01,8462.522069585311
2024-11-04,8488.895445473701
2024-11-05,8520.02490505763
2024-11-06,8431.27567024843
2024-11-07,8554.99414494446
2024-11-08,8493.057299467
